# Instance 1
2 2 4 10
10 10

# Instance 2
2 2 4 12
12 12

# Instance 3
2 2 4 8
8 8

# Instance 4
2 2 4 11
11 11

# Instance 5
2 2 4 15
15 15

# Instance 6
2 2 8 176
176 176

# Instance 7
2 2 8 203
203 203

# Instance 8
2 2 8 136
136 136

# Instance 9
2 2 8 179
179 179

# Instance 10
2 2 8 139
139 139

# Instance 11
2 2 16 51711
51711 51711

# Instance 12
2 2 16 63772
63772 63772

# Instance 13
2 2 16 62780
62780 62780

# Instance 14
2 2 16 35542
35542 35542

# Instance 15
2 2 16 46746
46746 46746

# Instance 16
3 2 4 12
2 10 12

# Instance 17
3 2 4 12
12 7 5

# Instance 18
3 2 4 24
5 24 19

# Instance 19
3 2 4 14
14 8 6

# Instance 20
3 2 4 22
8 14 22

# Instance 21
3 2 8 355
124 231 355

# Instance 22
3 2 8 202
83 119 202

# Instance 23
3 2 8 314
228 86 314

# Instance 24
3 2 8 269
162 269 107

# Instance 25
3 2 8 336
195 336 141

# Instance 26
3 2 16 84518
84518 66330 18188

# Instance 27
3 2 16 54314
30579 23735 54314

# Instance 28
3 2 16 72261
72261 20335 51926

# Instance 29
3 2 16 78367
10817 67550 78367

# Instance 30
3 2 16 49388
41297 49388 8091

# Instance 31
4 2 4 22
5 17 10 12

# Instance 32
4 2 4 22
10 10 12 12

# Instance 33
4 2 4 28
16 12 24 4

# Instance 34
4 2 4 20
7 6 13 14

# Instance 35
4 2 4 20
4 4 16 16

# Instance 36
4 2 8 333
137 3 196 330

# Instance 37
4 2 8 314
180 182 132 134

# Instance 38
4 2 8 258
177 81 158 100

# Instance 39
4 2 8 462
188 274 141 321

# Instance 40
4 2 8 491
369 463 122 28

# Instance 41
4 2 16 128847
80429 81208 47639 48418

# Instance 42
4 2 16 67790
22753 45037 55035 12755

# Instance 43
4 2 16 80646
57238 51469 29177 23408

# Instance 44
4 2 16 93411
44236 49175 56716 36695

# Instance 45
4 2 16 115548
290 102923 12625 115258

# Instance 46
5 2 4 34
3 12 14 22 17

# Instance 47
5 2 4 27
15 8 5 22 4

# Instance 48
5 2 4 37
22 15 21 8 8

# Instance 49
5 2 4 22
5 14 8 4 13

# Instance 50
5 2 4 31
13 2 16 24 7

# Instance 51
5 2 8 457
330 360 46 81 97

# Instance 52
5 2 8 441
112 48 22 307 393

# Instance 53
5 2 8 615
175 264 176 571 44

# Instance 54
5 2 8 446
160 205 241 53 233

# Instance 55
5 2 8 636
320 506 316 118 12

# Instance 56
5 2 16 163353
8835 140866 13652 48725 114628

# Instance 57
5 2 16 132043
7579 6562 117902 48694 83349

# Instance 58
5 2 16 96364
36626 58558 1180 74422 21942

# Instance 59
5 2 16 111381
76031 86241 4113 35350 21027

# Instance 60
5 2 16 118386
15038 4664 113722 21293 82055

# Instance 61
6 2 4 41
8 2 5 34 23 10

# Instance 62
6 2 4 44
11 11 27 14 3 22

# Instance 63
6 2 4 44
1 11 23 16 10 27

# Instance 64
6 2 4 42
27 13 9 6 13 16

# Instance 65
6 2 4 34
6 6 21 6 7 22

# Instance 66
6 2 8 678
231 21 381 114 276 333

# Instance 67
6 2 8 726
157 266 198 303 81 447

# Instance 68
6 2 8 459
218 33 18 98 328 223

# Instance 69
6 2 8 387
217 116 16 7 154 264

# Instance 70
6 2 8 533
209 206 36 118 426 71

# Instance 71
6 2 16 162414
7982 68811 92341 76933 16670 62091

# Instance 72
6 2 16 171464
55627 13176 140863 84820 17425 31017

# Instance 73
6 2 16 129765
20601 10350 2061 61312 58103 107103

# Instance 74
6 2 16 173017
146180 17778 55784 86710 30523 9059

# Instance 75
6 2 16 140652
5334 35270 39650 65732 59096 76222

# Instance 76
7 2 4 48
8 6 36 4 1 37 4

# Instance 77
7 2 4 54
2 12 16 5 36 36 1

# Instance 78
7 2 4 35
1 1 1 30 32 2 3

# Instance 79
7 2 4 55
4 34 12 22 2 15 21

# Instance 80
7 2 4 32
25 3 5 17 2 1 11

# Instance 81
7 2 8 475
10 35 187 53 36 242 387

# Instance 82
7 2 8 599
18 176 264 227 413 10 90

# Instance 83
7 2 8 740
18 520 158 177 62 214 331

# Instance 84
7 2 8 826
290 181 262 274 642 1 2

# Instance 85
7 2 8 774
3 153 9 235 318 527 303

# Instance 86
7 2 16 142255
1663 55102 132979 1653 35464 51689 5960

# Instance 87
7 2 16 200766
23147 39601 197906 38297 2607 253 99721

# Instance 88
7 2 16 215483
29510 20810 16513 33517 164885 568 165163

# Instance 89
7 2 16 147583
992 33 1208 145383 463 2178 144909

# Instance 90
7 2 16 190420
46899 5554 137967 28553 41892 4750 115225

# Instance 91
8 2 4 46
1 37 1 41 3 1 7 1

# Instance 92
8 2 4 47
9 1 8 9 22 5 29 11

# Instance 93
8 2 4 51
2 32 2 1 11 1 47 6

# Instance 94
8 2 4 52
2 47 1 27 19 2 4 2

# Instance 95
8 2 4 56
7 17 9 1 47 1 29 1

# Instance 96
8 2 8 956
10 39 174 719 24 445 399 102

# Instance 97
8 2 8 609
1 247 223 560 44 4 59 80

# Instance 98
8 2 8 844
19 591 151 192 110 220 281 124

# Instance 99
8 2 8 834
624 193 9 52 560 136 72 22

# Instance 100
8 2 8 876
205 2 79 1 2 552 871 40

# Instance 101
8 2 16 138064
27793 7780 107 1919 128258 8974 87817 13480

# Instance 102
8 2 16 219003
153020 41779 22414 110575 17396 1758 49253 41811

# Instance 103
8 2 16 205629
2651 11514 30189 64512 117346 44765 128024 12257

# Instance 104
8 2 16 153757
3731 3713 690 367 143837 109081 43619 2476

# Instance 105
8 2 16 144904
37341 5657 24779 58263 58171 15189 56205 34203

# Instance 106
9 2 4 61
1 27 1 3 6 30 24 3 27

# Instance 107
9 2 4 39
12 34 1 4 1 1 2 5 18

# Instance 108
9 2 4 58
3 2 5 27 3 22 27 1 26

# Instance 109
9 2 4 66
5 21 8 4 6 50 1 9 28

# Instance 110
9 2 4 58
1 5 2 17 2 1 35 52 1

# Instance 111
9 2 8 671
134 150 17 238 328 82 5 282 106

# Instance 112
9 2 8 691
2 4 3 141 3 5 350 679 195

# Instance 113
9 2 8 911
344 120 378 211 17 1 5 351 395

# Instance 114
9 2 8 758
17 106 1 35 497 120 21 4 715

# Instance 115
9 2 8 1118
731 74 14 61 257 116 646 183 154

# Instance 116
9 2 16 282172
14730 3506 1635 35689 31660 12744 172381 93541 198458

# Instance 117
9 2 16 182623
97063 603 475 84482 9118 95420 1619 1462 75004

# Instance 118
9 2 16 158124
1477 2679 115187 127385 20409 36197 1460 7651 3803

# Instance 119
9 2 16 196185
24489 148242 17375 6079 49188 108088 27078 7439 4392

# Instance 120
9 2 16 175262
1534 394 174 79694 86208 26508 42209 106371 7432

# Instance 121
10 2 4 55
15 1 33 2 3 3 3 1 39 10

# Instance 122
10 2 4 58
1 1 17 1 3 21 32 17 9 14

# Instance 123
10 2 4 49
3 3 4 1 9 16 35 25 1 1

# Instance 124
10 2 4 71
1 7 10 10 16 34 5 2 6 51

# Instance 125
10 2 4 58
34 2 2 37 3 4 8 11 7 8

# Instance 126
10 2 8 891
66 521 175 12 13 3 342 70 321 259

# Instance 127
10 2 8 731
42 100 494 24 86 44 75 85 49 463

# Instance 128
10 2 8 889
242 87 38 91 24 182 130 557 240 187

# Instance 129
10 2 8 822
302 6 3 189 120 166 45 715 94 4

# Instance 130
10 2 8 1205
337 452 6 737 272 17 27 12 433 117

# Instance 131
10 2 16 208122
92797 6501 146633 103681 300 1208 12627 6916 3935 41646

# Instance 132
10 2 16 321771
1858 59357 140431 21323 59794 158715 2049 9124 168309 22582

# Instance 133
10 2 16 217783
62614 45646 39940 82182 55654 19580 49427 34289 4506 41728

# Instance 134
10 2 16 243817
19546 6391 1580 20648 17514 18211 194681 46690 9394 152979

# Instance 135
10 2 16 294414
215041 36 10108 278 50926 275 15877 49 293776 2462

# Instance 136
11 2 4 83
3 9 13 32 27 1 1 27 2 50 1

# Instance 137
11 2 4 78
1 62 7 7 6 3 5 3 2 30 30

# Instance 138
11 2 4 55
11 1 18 24 6 1 1 5 33 9 1

# Instance 139
11 2 4 81
2 27 1 1 8 50 5 1 41 10 16

# Instance 140
11 2 4 75
1 71 1 1 1 2 6 2 51 6 8

# Instance 141
11 2 8 1347
570 39 204 49 74 193 1002 179 18 288 78

# Instance 142
11 2 8 729
4 70 311 95 505 4 61 302 36 17 53

# Instance 143
11 2 8 940
20 372 1 64 802 1 69 112 387 49 3

# Instance 144
11 2 8 1313
17 969 6 47 14 1 413 832 136 40 151

# Instance 145
11 2 8 947
235 231 215 253 60 362 23 169 326 18 2

# Instance 146
11 2 16 317108
146 1005 101749 1682 37598 159425 60128 165305 47224 6853 53101

# Instance 147
11 2 16 344918
246977 2841 83066 20252 79850 14246 27928 3966 202642 3889 4179

# Instance 148
11 2 16 212007
81528 104 204 20356 185 395 126161 65216 76 129619 170

# Instance 149
11 2 16 260450
8146 39871 38489 93930 39178 32544 38479 72612 1576 21493 134582

# Instance 150
11 2 16 209129
3203 139315 266 7361 24031 860 11196 174268 27451 26681 3626

# Instance 151
12 2 4 72
4 10 4 19 27 1 8 1 1 4 1 64

# Instance 152
12 2 4 92
4 22 3 15 1 7 1 55 38 36 1 1

# Instance 153
12 2 4 69
2 2 31 10 1 23 2 1 50 1 1 14

# Instance 154
12 2 4 70
35 29 4 1 1 1 1 1 3 62 1 1

# Instance 155
12 2 4 85
19 27 1 2 9 1 32 6 31 16 18 8

# Instance 156
12 2 8 1297
90 27 589 23 435 95 176 153 852 80 14 60

# Instance 157
12 2 8 1025
204 83 518 123 104 22 1 65 650 51 228 1

# Instance 158
12 2 8 1532
1407 2 117 122 2 92 9 1 1 997 4 310

# Instance 159
12 2 8 1238
1 3 43 1079 62 166 28 110 2 55 3 924

# Instance 160
12 2 8 1183
6 661 1 31 84 501 416 17 475 44 14 116

# Instance 161
12 2 16 205417
30172 528 83 721 167782 77 122 13 1666 170829 35796 3045

# Instance 162
12 2 16 222055
6531 21261 75459 685 8625 103 134819 586 9235 2364 735 183707

# Instance 163
12 2 16 351590
3443 23500 43533 141762 5627 383 114433 5499 23541 311273 2248 27938

# Instance 164
12 2 16 365726
69 298714 52869 1515 25447 104431 17682 16043 18494 161201 7771 27216

# Instance 165
12 2 16 360074
218 4849 73 5564 311478 41938 4297 463 1518 70232 36 279482

# Instance 166
13 2 4 81
1 34 53 4 4 3 12 2 5 1 23 2 18

# Instance 167
13 2 4 80
20 1 8 2 4 8 1 68 2 32 1 10 3

# Instance 168
13 2 4 83
7 4 1 18 2 4 12 2 32 3 57 23 1

# Instance 169
13 2 4 75
9 7 19 4 21 6 21 5 1 1 43 11 2

# Instance 170
13 2 4 60
1 11 43 1 4 1 1 5 41 1 2 6 3

# Instance 171
13 2 8 1087
5 7 1 879 3 2 110 1072 1 1 29 59 5

# Instance 172
13 2 8 1310
9 2 569 3 724 8 2 591 3 26 43 639 1

# Instance 173
13 2 8 1462
791 16 64 264 2 1 900 92 471 1 2 9 311

# Instance 174
13 2 8 1457
2 713 1 35 29 321 1107 90 1 344 20 249 2

# Instance 175
13 2 8 1377
47 2 310 2 1011 4 169 7 82 8 64 27 1021

# Instance 176
13 2 16 381557
6729 26145 11624 56345 263797 40271 241612 38643 11105 4337 304 57568 4634

# Instance 177
13 2 16 325976
50041 32334 573 30925 569 243797 27 246 394 1590 288810 1352 1294

# Instance 178
13 2 16 238244
5352 633 22128 74224 1059 12060 161587 4935 2361 10122 4320 31549 146158

# Instance 179
13 2 16 323152
75970 215367 27620 189203 11997 8186 39727 8137 29235 17233 16097 6180 1352

# Instance 180
13 2 16 418332
3238 2504 5794 23456 828 995 12 390627 942 405177 57 788 2246

# Instance 181
14 2 4 105
1 1 1 1 2 2 2 1 26 1 72 1 98 1

# Instance 182
14 2 4 96
75 1 10 12 14 1 4 57 2 1 2 7 1 5

# Instance 183
14 2 4 88
6 1 1 47 22 7 3 13 1 5 11 56 1 2

# Instance 184
14 2 4 61
1 1 13 3 9 2 40 1 1 2 14 1 15 19

# Instance 185
14 2 4 75
5 1 55 1 2 1 2 29 13 3 1 1 5 31

# Instance 186
14 2 8 1277
1 3 117 178 892 99 54 18 907 185 3 1 2 94

# Instance 187
14 2 8 1301
2 49 1 1 11 13 1 856 70 292 654 21 1 630

# Instance 188
14 2 8 977
16 13 310 23 5 74 17 131 221 611 50 54 85 344

# Instance 189
14 2 8 1435
609 275 52 43 55 5 988 6 256 122 203 4 3 249

# Instance 190
14 2 8 1266
102 69 5 230 127 348 22 2 435 282 748 106 40 16

# Instance 191
14 2 16 419459
341833 230 97 10631 70524 127 4466 48528 1830 16355 3178 6151 497 334471

# Instance 192
14 2 16 297777
48377 315 118 79996 4638 11124 1465 175072 1431 1245 264 33518 154139 83852

# Instance 193
14 2 16 366304
2907 677 259563 1590 36885 822 273005 67264 38806 48505 2025 183 142 234

# Instance 194
14 2 16 416789
2397 33839 86806 8191 7729 122274 5954 398543 12739 128 394 82186 1644 70754

# Instance 195
14 2 16 402782
57058 5974 15553 38224 306778 346 16741 40 598 218374 78274 9144 5 58455

# Instance 196
15 2 4 81
36 21 2 8 3 2 1 17 45 3 7 1 3 1 12

# Instance 197
15 2 4 108
11 14 6 1 65 1 12 2 59 2 1 8 19 2 13

# Instance 198
15 2 4 109
1 3 1 5 94 1 1 1 1 3 4 1 2 99 1

# Instance 199
15 2 4 84
1 1 1 2 9 1 1 9 7 29 2 1 32 69 3

# Instance 200
15 2 4 67
3 9 17 35 1 1 1 1 1 10 1 1 2 50 1

# Instance 201
15 2 8 1795
279 154 136 400 50 917 796 64 21 308 7 70 23 308 57

# Instance 202
15 2 8 1866
33 152 1705 361 28 7 14 319 7 100 5 423 3 552 23

# Instance 203
15 2 8 1419
13 2 230 14 6 1 17 50 883 752 347 511 2 9 1

# Instance 204
15 2 8 1868
4 2 215 36 131 20 3 1040 1 1440 90 2 13 39 700

# Instance 205
15 2 8 1066
69 3 7 86 3 1 454 110 356 2 55 1 417 446 122

# Instance 206
15 2 16 373387
2416 22340 22339 23033 146921 163 28613 26654 234273 35188 43189 3817 150739 1572 5517

# Instance 207
15 2 16 448818
2 61 7 3 91 3949 246250 63 3823 6105 80499 414263 26 118215 24279

# Instance 208
15 2 16 249674
39038 7826 577 4591 31318 914 2105 178855 54018 388 5879 4026 23953 144405 1455

# Instance 209
15 2 16 268447
39659 822 47 1045 56458 166877 172 581 4218 168846 1807 7 42075 51022 3258

# Instance 210
15 2 16 396345
556 408 16683 16183 6816 1601 1870 13145 91313 120679 512 252628 208559 36 61701

# Instance 211
16 2 4 67
38 1 3 1 1 1 52 1 3 2 3 12 3 10 1 2

# Instance 212
16 2 4 74
27 15 2 12 3 1 39 7 29 1 1 2 3 4 1 1

# Instance 213
16 2 4 82
18 2 2 25 13 7 3 1 3 14 65 5 1 1 1 3

# Instance 214
16 2 4 123
1 1 49 1 1 25 13 1 1 46 1 24 23 5 53 1

# Instance 215
16 2 4 117
1 9 13 46 3 2 1 15 4 2 43 28 7 42 10 8

# Instance 216
16 2 8 1044
2 147 1 53 1 817 207 1 1 1 1 8 2 14 831 1

# Instance 217
16 2 8 1139
14 53 2 9 21 1 1 4 688 1048 3 1 6 1 414 12

# Instance 218
16 2 8 1746
20 216 21 148 192 939 150 36 4 81 75 201 52 13 1310 34

# Instance 219
16 2 8 1468
456 69 5 1169 4 36 8 40 454 71 56 41 114 61 350 2

# Instance 220
16 2 8 1909
1694 1 3 84 1 17 134 118 44 38 46 43 1241 48 1 305

# Instance 221
16 2 16 521660
29861 12714 2752 65669 10776 58941 48934 7862 6716 53665 333215 15358 34428 3859 328987 29583

# Instance 222
16 2 16 418670
1342 338 13324 487 62 99349 426 29717 7522 8730 5226 9708 9 302772 166486 191842

# Instance 223
16 2 16 430775
5 10009 11 10436 1070 307786 8 633 45 108028 2772 10649 134669 160 18411 256858

# Instance 224
16 2 16 389107
153147 2201 5560 93216 4414 12994 2708 99735 1791 35053 2565 2205 10797 17836 332283 1709

# Instance 225
16 2 16 277378
2916 13121 13 67018 17151 209098 2570 306 102 58426 20 1094 142178 7051 4160 29532

# Instance 226
17 2 4 80
1 1 7 1 10 20 1 1 1 45 9 2 3 2 2 53 1

# Instance 227
17 2 4 109
2 1 2 25 1 1 18 1 1 1 1 45 1 1 1 59 57

# Instance 228
17 2 4 113
2 1 1 28 1 4 1 1 3 10 2 95 66 2 2 2 5

# Instance 229
17 2 4 134
3 1 1 44 7 2 10 57 15 6 2 12 42 1 62 1 2

# Instance 230
17 2 4 82
41 2 1 3 42 1 1 2 5 1 1 1 1 6 1 22 33

# Instance 231
17 2 8 1284
97 362 74 14 1 39 7 20 113 2 594 28 2 1 1 1203 10

# Instance 232
17 2 8 1346
3 16 601 91 26 791 219 105 3 1 9 1 465 8 1 316 36

# Instance 233
17 2 8 1783
654 184 2 215 818 2 698 2 685 55 4 24 10 21 62 106 24

# Instance 234
17 2 8 1422
59 269 279 589 59 144 123 86 58 7 42 6 500 96 338 29 160

# Instance 235
17 2 8 1137
1 798 697 32 3 2 9 37 4 1 1 308 26 297 39 15 4

# Instance 236
17 2 16 455493
116421 14699 638 11140 1099 21148 283989 11 32444 39143 2724 26130 11597 328 170497 5557 173421

# Instance 237
17 2 16 390929
2446 28550 29 7 6173 1832 76559 2302 19456 13348 143649 287 140057 189362 85 157611 105

# Instance 238
17 2 16 372476
170166 97558 197 315 28372 5052 237 72227 75579 11 16 82 1006 199101 74252 20089 692

# Instance 239
17 2 16 389466
28 4853 83339 1974 19851 364 2671 232344 26876 16404 177952 1775 10521 8111 3 151982 39884

# Instance 240
17 2 16 292042
17581 129579 35 81229 98660 1122 2236 197 1456 60480 129603 14391 1715 1589 42483 1498 230

# Instance 241
18 2 4 138
63 5 1 2 4 1 109 5 13 1 1 6 12 6 14 17 1 15

# Instance 242
18 2 4 74
1 1 1 1 24 4 1 1 1 1 1 1 7 1 65 34 2 1

# Instance 243
18 2 4 100
26 78 1 1 2 1 1 22 1 1 3 1 5 1 1 11 1 43

# Instance 244
18 2 4 133
3 1 8 1 2 1 9 4 1 1 6 105 3 117 1 1 1 1

# Instance 245
18 2 4 126
3 6 51 1 5 2 14 2 1 46 13 1 1 3 59 1 11 32

# Instance 246
18 2 8 1270
1 1 22 1081 6 101 220 2 4 461 5 16 7 4 10 371 65 163

# Instance 247
18 2 8 1797
157 18 1 2 1 5 8 1352 27 1591 1 4 4 4 2 9 407 1

# Instance 248
18 2 8 1558
3 177 2 2 3 838 1297 1 346 46 1 3 4 23 362 2 5 1

# Instance 249
18 2 8 1649
2 2 1467 2 1 2 1 38 7 1 131 1351 1 1 24 1 40 226

# Instance 250
18 2 8 1478
78 130 73 1 1 1 26 176 81 4 1 5 1 1265 574 509 3 27

# Instance 251
18 2 16 376989
208 118 1135 139965 1293 102768 307913 31 31 85486 940 648 482 42267 63073 3470 3872 278

# Instance 252
18 2 16 536503
226494 256067 49 40 92 31953 7288 600 275639 194886 4389 50774 1183 7505 14319 196 41 1491

# Instance 253
18 2 16 506013
10 67923 36505 90286 455774 29533 10631 792 53138 21204 2699 1845 8 331 87635 117 137306 16289

# Instance 254
18 2 16 353209
12938 31732 20216 7060 20300 994 239941 46336 202634 11213 692 7492 37283 4639 25024 2709 4359 30856

# Instance 255
18 2 16 309962
4 189 29 146 21675 11219 84163 2 4781 290625 12841 98054 2602 28059 3524 31587 24848 5576

# Instance 256
19 2 4 102
61 2 1 3 8 39 1 23 2 40 1 1 6 1 1 1 1 11 1

# Instance 257
19 2 4 126
1 2 32 5 53 1 1 1 2 3 8 13 33 7 4 1 32 34 19

# Instance 258
19 2 4 109
2 54 9 2 1 28 1 38 1 2 25 2 4 1 33 3 5 3 4

# Instance 259
19 2 4 112
2 1 1 81 1 3 1 2 1 13 1 4 3 52 5 19 1 5 28

# Instance 260
19 2 4 112
26 1 31 1 12 3 2 6 1 2 1 11 1 1 2 34 61 1 27

# Instance 261
19 2 8 1952
4 37 123 20 219 5 1016 592 437 2 61 414 44 258 97 23 548 3 1

# Instance 262
19 2 8 1498
1 1 1 1 24 25 318 74 1114 224 32 12 626 1 1 24 19 2 496

# Instance 263
19 2 8 1411
206 677 9 294 20 63 1 11 27 4 6 31 697 579 33 89 42 28 5

# Instance 264
19 2 8 1666
1 173 3 261 1 1060 1 50 1 2 1 1436 1 1 1 1 1 10 327

# Instance 265
19 2 8 1607
452 316 3 1 148 67 73 65 4 453 640 117 575 49 2 186 2 1 60

# Instance 266
19 2 16 607145
957 48246 128056 6228 22514 299532 1026 58020 2923 127334 2108 91215 1564 361329 132 19327 4393 360 39026

# Instance 267
19 2 16 615468
1214 72194 46215 1781 157031 3825 135369 8 2692 322285 376311 15867 1281 38812 157 11943 2953 140 40858

# Instance 268
19 2 16 460556
110 1895 449399 418108 95 9 10788 78 1791 8 7998 52 143 68 2 8933 19970 7 1658

# Instance 269
19 2 16 512789
531 182 88 27937 3243 349564 335595 564 1402 108 81142 57 126155 40 76614 22011 283 12 50

# Instance 270
19 2 16 329072
11509 233682 1528 3399 2550 803 8 15697 95 13 22749 3524 14597 268975 72104 625 274 5795 217

# Instance 271
20 2 4 112
1 4 76 2 10 4 1 1 4 6 8 1 1 29 1 2 1 9 19 44

# Instance 272
20 2 4 149
6 4 1 13 1 50 1 2 1 1 1 1 2 4 4 3 114 6 1 82

# Instance 273
20 2 4 111
69 5 1 1 1 1 1 7 1 1 1 1 2 90 1 6 24 7 1 1

# Instance 274
20 2 4 131
2 1 1 1 1 1 1 1 1 2 1 1 1 26 96 1 1 1 121 1

# Instance 275
20 2 4 95
1 1 3 7 10 1 3 1 1 1 38 2 5 23 1 2 1 54 34 1

# Instance 276
20 2 8 1878
902 133 4 35 10 1188 598 75 665 1 3 1 3 6 12 6 74 36 3 1

# Instance 277
20 2 8 2055
9 21 1 2 1 420 1 1876 64 1 1 1 1 1497 67 1 13 1 129 3

# Instance 278
20 2 8 2096
123 2 1 561 1 154 2 358 1877 2 3 1 1 2 890 205 4 1 1 3

# Instance 279
20 2 8 2295
1 306 14 4 1 1 388 72 177 1 396 1 9 47 110 1405 1 42 1612 2

# Instance 280
20 2 8 2305
27 2 26 96 2159 138 6 3 4 12 2 1294 128 692 2 1 7 4 2 5

# Instance 281
20 2 16 513147
5271 25 15626 220350 210 284906 7 278374 196 237 8 135 24 3 84 2270 370 8513 195909 13776

# Instance 282
20 2 16 368858
1301 389 612 7484 2327 138240 18488 5824 312973 14326 2952 7515 109 1412 33657 91171 17026 27081 12744 42085

# Instance 283
20 2 16 450144
8331 73855 898 123 6744 51807 75 171475 302758 3 641 19796 107785 114 118329 13 4 4753 24703 8081

# Instance 284
20 2 16 560597
50 46599 27152 16 11805 2219 202633 99513 135 251 183 121456 12652 14601 425478 702 90080 46945 65 18659

# Instance 285
20 2 16 392132
317 372793 291 511 86 291972 2670 15635 17 42 2 229 8898 37 2 7 33 71596 8 19118

# Instance 286
3 3 4 9
9 9 9

# Instance 287
3 3 4 9
9 9 9

# Instance 288
3 3 4 16
16 16 16

# Instance 289
3 3 4 11
11 11 11

# Instance 290
3 3 4 9
9 9 9

# Instance 291
3 3 8 216
216 216 216

# Instance 292
3 3 8 158
158 158 158

# Instance 293
3 3 8 213
213 213 213

# Instance 294
3 3 8 164
164 164 164

# Instance 295
3 3 8 128
128 128 128

# Instance 296
3 3 16 44803
44803 44803 44803

# Instance 297
3 3 16 62770
62770 62770 62770

# Instance 298
3 3 16 42860
42860 42860 42860

# Instance 299
3 3 16 57327
57327 57327 57327

# Instance 300
3 3 16 58474
58474 58474 58474

# Instance 301
4 3 4 12
12 3 12 9

# Instance 302
4 3 4 19
1 18 19 19

# Instance 303
4 3 4 14
10 4 14 14

# Instance 304
4 3 4 21
21 5 21 16

# Instance 305
4 3 4 19
2 19 17 19

# Instance 306
4 3 8 251
251 171 251 80

# Instance 307
4 3 8 182
182 182 90 92

# Instance 308
4 3 8 207
207 35 172 207

# Instance 309
4 3 8 215
215 215 183 32

# Instance 310
4 3 8 214
105 109 214 214

# Instance 311
4 3 16 53653
53653 11315 42338 53653

# Instance 312
4 3 16 76511
53120 76511 23391 76511

# Instance 313
4 3 16 53105
53105 11821 41284 53105

# Instance 314
4 3 16 67287
67287 43220 67287 24067

# Instance 315
4 3 16 69973
69973 30212 39761 69973

# Instance 316
5 3 4 21
15 6 15 21 6

# Instance 317
5 3 4 13
13 11 7 2 6

# Instance 318
5 3 4 19
19 8 18 1 11

# Instance 319
5 3 4 26
4 26 12 22 14

# Instance 320
5 3 4 18
16 2 18 8 10

# Instance 321
5 3 8 348
100 348 54 294 248

# Instance 322
5 3 8 344
49 14 295 344 330

# Instance 323
5 3 8 332
167 109 165 332 223

# Instance 324
5 3 8 214
151 63 184 214 30

# Instance 325
5 3 8 285
202 285 83 155 130

# Instance 326
5 3 16 67579
67579 53467 24444 43135 14112

# Instance 327
5 3 16 75155
20507 15 75140 54648 75155

# Instance 328
5 3 16 61250
61250 10166 51292 51084 9958

# Instance 329
5 3 16 96267
17988 22809 78279 96267 73458

# Instance 330
5 3 16 106119
14203 91916 106119 49895 56224

# Instance 331
6 3 4 16
14 11 2 15 1 5

# Instance 332
6 3 4 22
14 8 1 17 21 5

# Instance 333
6 3 4 18
17 12 14 6 1 4

# Instance 334
6 3 4 28
15 16 12 11 17 13

# Instance 335
6 3 4 22
21 21 4 18 1 1

# Instance 336
6 3 8 306
39 3 267 303 218 88

# Instance 337
6 3 8 371
95 276 118 180 253 191

# Instance 338
6 3 8 477
60 417 180 442 297 35

# Instance 339
6 3 8 355
284 332 305 71 23 50

# Instance 340
6 3 8 344
230 242 8 336 114 102

# Instance 341
6 3 16 65620
42918 22702 22626 13460 52160 42994

# Instance 342
6 3 16 85088
60704 55093 81764 29995 24384 3324

# Instance 343
6 3 16 108289
75021 33268 71473 36816 55306 52983

# Instance 344
6 3 16 125522
118909 88275 6613 37247 71567 53955

# Instance 345
6 3 16 85291
40997 67808 17483 44294 26940 58351

# Instance 346
7 3 4 34
13 27 7 21 7 22 5

# Instance 347
7 3 4 27
5 17 9 13 14 10 13

# Instance 348
7 3 4 37
22 5 15 7 25 25 12

# Instance 349
7 3 4 18
6 1 17 11 7 7 5

# Instance 350
7 3 4 20
7 12 18 2 2 18 1

# Instance 351
7 3 8 595
235 152 443 216 120 144 475

# Instance 352
7 3 8 479
314 265 214 339 39 165 101

# Instance 353
7 3 8 536
202 113 334 97 339 197 326

# Instance 354
7 3 8 570
469 101 43 453 74 56 514

# Instance 355
7 3 8 595
500 559 62 160 435 36 33

# Instance 356
7 3 16 106101
6780 82471 39594 84989 16850 21112 66507

# Instance 357
7 3 16 140028
109366 12452 23719 10745 127576 105564 30662

# Instance 358
7 3 16 99987
30589 24322 1722 56304 75665 98265 13094

# Instance 359
7 3 16 130487
32153 114414 6378 9695 98334 23101 107386

# Instance 360
7 3 16 119856
27503 92353 99884 9724 19972 102926 7206

# Instance 361
8 3 4 31
3 17 3 11 14 9 22 14

# Instance 362
8 3 4 25
7 17 3 6 15 15 10 2

# Instance 363
8 3 4 37
34 7 13 6 21 10 17 3

# Instance 364
8 3 4 31
12 9 9 5 20 10 26 2

# Instance 365
8 3 4 32
18 23 18 7 1 2 13 14

# Instance 366
8 3 8 388
34 206 305 20 78 49 290 182

# Instance 367
8 3 8 646
266 519 108 523 127 15 329 51

# Instance 368
8 3 8 666
108 544 168 459 97 25 99 498

# Instance 369
8 3 8 557
407 11 546 4 97 546 53 7

# Instance 370
8 3 8 426
254 34 145 121 31 271 395 27

# Instance 371
8 3 16 92434
5465 27536 54944 52140 784 12758 37490 86185

# Instance 372
8 3 16 158903
69746 2164 139270 138143 17469 12712 20760 76445

# Instance 373
8 3 16 156513
3398 144935 64717 148495 66176 11578 25620 4620

# Instance 374
8 3 16 108885
59232 48743 32336 7020 910 20284 69529 88601

# Instance 375
8 3 16 120660
2491 50991 7690 111390 15040 103129 1580 69669

# Instance 376
9 3 4 45
13 18 18 24 6 21 11 14 10

# Instance 377
9 3 4 38
18 26 12 10 25 1 17 2 3

# Instance 378
9 3 4 41
28 2 31 2 38 6 1 11 4

# Instance 379
9 3 4 41
23 11 3 21 15 5 9 7 29

# Instance 380
9 3 4 27
3 1 18 6 3 23 20 4 3

# Instance 381
9 3 8 489
59 6 87 215 343 260 268 138 91

# Instance 382
9 3 8 565
392 561 2 163 208 191 10 2 166

# Instance 383
9 3 8 432
73 158 230 15 59 96 344 106 215

# Instance 384
9 3 8 655
99 449 96 372 115 184 350 91 209

# Instance 385
9 3 8 602
119 235 352 15 50 550 382 101 2

# Instance 386
9 3 16 171248
73606 34559 131173 16014 37665 63083 114131 2410 41103

# Instance 387
9 3 16 138892
32094 9104 36047 84484 752 116693 106046 18361 13095

# Instance 388
9 3 16 101200
53841 6180 30296 84226 15566 85085 9935 1408 17063

# Instance 389
9 3 16 165102
13 57 69326 54033 15837 81138 41743 165032 68127

# Instance 390
9 3 16 160638
63885 63545 45991 109715 40150 33208 4932 97274 23214

# Instance 391
10 3 4 43
1 7 19 27 5 4 11 20 16 19

# Instance 392
10 3 4 47
27 12 20 3 13 29 11 16 4 6

# Instance 393
10 3 4 41
4 32 7 3 18 30 4 9 2 14

# Instance 394
10 3 4 52
13 50 38 1 19 1 1 3 20 10

# Instance 395
10 3 4 26
5 12 15 4 2 17 7 2 13 1

# Instance 396
10 3 8 665
410 162 25 176 230 366 43 288 215 80

# Instance 397
10 3 8 780
301 27 359 133 45 205 250 243 503 274

# Instance 398
10 3 8 838
690 15 81 613 210 625 12 105 67 96

# Instance 399
10 3 8 749
243 577 12 668 258 160 12 248 67 2

# Instance 400
10 3 8 737
179 63 34 463 92 32 95 366 339 548

# Instance 401
10 3 16 176548
147507 116519 149928 6408 2222 49640 10389 25369 17990 3672

# Instance 402
10 3 16 135287
6355 16799 128174 38488 113077 758 14330 6837 5411 75632

# Instance 403
10 3 16 125480
3196 106 17653 20027 125370 6620 98833 501 4 104130

# Instance 404
10 3 16 179180
151834 67075 8334 19189 19012 14200 2680 82212 80088 92916

# Instance 405
10 3 16 125938
101287 2283 22618 96 111743 32494 3 2033 11912 93345

# Instance 406
11 3 4 52
14 5 17 5 3 1 1 26 47 16 21

# Instance 407
11 3 4 47
6 19 3 28 7 11 11 28 1 5 22

# Instance 408
11 3 4 49
1 6 23 7 35 42 7 18 1 1 6

# Instance 409
11 3 4 47
1 4 26 10 1 1 5 14 37 35 7

# Instance 410
11 3 4 37
1 1 2 7 32 29 19 2 5 9 4

# Instance 411
11 3 8 663
58 7 56 501 442 47 98 558 16 158 48

# Instance 412
11 3 8 773
195 539 269 468 233 190 164 27 12 81 141

# Instance 413
11 3 8 803
2 192 370 60 24 85 2 156 719 657 142

# Instance 414
11 3 8 716
78 46 98 324 360 485 314 163 212 55 13

# Instance 415
11 3 8 895
66 146 70 145 345 65 220 143 617 339 529

# Instance 416
11 3 16 139876
11424 105911 10868 3200 7030 765 27515 13420 19780 125808 93907

# Instance 417
11 3 16 189982
9347 35872 94378 67485 12435 28446 57904 136371 55246 54723 17739

# Instance 418
11 3 16 184381
4374 170251 15641 1021 48685 82370 13662 71482 8735 120055 16867

# Instance 419
11 3 16 223730
24296 154790 12907 211869 63042 2825 1953 5898 23908 162619 7083

# Instance 420
11 3 16 200496
119924 3537 3999 16645 149956 45377 60390 105046 50073 32340 14201

# Instance 421
12 3 4 63
6 20 55 1 3 23 1 10 36 31 2 1

# Instance 422
12 3 4 50
7 19 29 37 24 11 5 1 1 7 6 3

# Instance 423
12 3 4 53
2 5 24 4 4 21 2 10 45 2 18 22

# Instance 424
12 3 4 53
1 46 1 48 1 1 1 3 2 2 3 50

# Instance 425
12 3 4 56
3 12 49 7 30 42 1 6 1 11 5 1

# Instance 426
12 3 8 896
5 286 72 506 13 304 534 882 45 6 3 32

# Instance 427
12 3 8 1019
29 881 424 169 356 330 83 182 128 53 366 56

# Instance 428
12 3 8 989
7 712 300 270 104 852 345 74 53 22 120 108

# Instance 429
12 3 8 832
62 221 209 476 549 221 19 92 457 55 3 132

# Instance 430
12 3 8 874
63 63 178 498 33 370 16 211 425 110 88 567

# Instance 431
12 3 16 137860
3388 22333 1210 29231 2818 91053 89432 8019 81032 43830 26476 14758

# Instance 432
12 3 16 137566
3781 15139 111731 59384 3728 5526 27863 116587 23063 6915 11725 27256

# Instance 433
12 3 16 218907
40781 25319 80079 49953 12267 3475 73352 107969 5415 3893 84982 169236

# Instance 434
12 3 16 155319
30440 10678 15946 42871 80737 121422 1271 39769 88926 28946 3220 1731

# Instance 435
12 3 16 169495
4609 45021 59770 41193 32485 43226 59896 36047 6923 61764 100657 16894

# Instance 436
13 3 4 40
32 5 1 2 15 23 5 1 1 32 1 1 1

# Instance 437
13 3 4 57
6 2 41 26 2 41 10 10 5 2 4 16 6

# Instance 438
13 3 4 42
5 1 38 15 4 2 14 1 7 1 26 1 11

# Instance 439
13 3 4 42
1 2 1 6 1 33 1 5 3 1 1 32 39

# Instance 440
13 3 4 65
47 26 3 3 7 15 18 1 18 30 1 12 14

# Instance 441
13 3 8 705
16 116 141 447 5 14 282 42 96 430 75 149 302

# Instance 442
13 3 8 712
201 235 22 324 23 164 28 340 1 1 668 87 42

# Instance 443
13 3 8 628
136 43 285 36 148 180 52 470 144 21 16 101 252

# Instance 444
13 3 8 1090
327 432 254 72 82 376 90 331 170 637 360 28 111

# Instance 445
13 3 8 740
279 21 113 109 527 174 23 561 16 39 27 45 286

# Instance 446
13 3 16 233897
14983 3798 68517 16623 175170 9649 4464 16408 27121 214579 5871 136759 7749

# Instance 447
13 3 16 223716
25494 20062 70524 66908 160082 24462 33064 13678 12206 44078 7150 134368 59072

# Instance 448
13 3 16 202917
8558 28932 171401 41533 47642 4276 6551 7222 174326 77588 15757 947 24018

# Instance 449
13 3 16 220471
41829 78487 28459 6834 87978 1462 102572 27762 38746 3234 85602 150729 7719

# Instance 450
13 3 16 249393
5270 32899 41622 152277 159814 39141 8816 15339 15357 211934 22317 1493 41900

# Instance 451
14 3 4 46
2 3 37 1 1 4 3 2 11 4 29 1 39 1

# Instance 452
14 3 4 39
8 6 24 12 23 4 1 1 3 17 3 4 10 1

# Instance 453
14 3 4 51
1 4 5 1 3 1 3 42 1 29 48 6 8 1

# Instance 454
14 3 4 70
15 6 10 6 45 1 4 19 1 5 8 53 7 30

# Instance 455
14 3 4 56
2 10 6 14 1 1 16 9 1 43 26 3 21 15

# Instance 456
14 3 8 977
412 152 1 133 230 307 2 5 5 400 50 17 253 964

# Instance 457
14 3 8 1069
166 66 639 28 587 347 73 349 432 66 9 17 39 389

# Instance 458
14 3 8 979
128 366 869 15 329 16 446 13 43 76 50 548 7 31

# Instance 459
14 3 8 1016
251 25 244 79 472 153 370 111 76 173 65 163 847 19

# Instance 460
14 3 8 684
36 434 100 207 61 2 4 519 1 212 64 204 126 82

# Instance 461
14 3 16 265946
6346 2845 7105 69363 130192 17589 46815 925 20687 4506 107962 153436 210855 19212

# Instance 462
14 3 16 245366
41945 57399 122248 6083 143742 9279 17075 39410 84559 49423 14186 7017 23649 120083

# Instance 463
14 3 16 206811
5637 4206 72725 32826 74813 80051 16156 103050 20683 58301 35791 5461 73235 37498

# Instance 464
14 3 16 159037
5768 693 261 14049 54052 4645 658 153041 57420 39455 6117 355 138604 1993

# Instance 465
14 3 16 154331
37292 204 21338 2196 54011 1109 10255 24983 113746 20144 16707 10186 717 150105

# Instance 466
15 3 4 72
38 26 1 14 24 9 1 1 29 2 44 3 10 12 2

# Instance 467
15 3 4 72
45 16 1 4 17 13 24 1 23 2 1 1 3 61 4

# Instance 468
15 3 4 70
7 53 43 3 3 32 17 5 6 3 25 3 7 2 1

# Instance 469
15 3 4 49
1 6 1 28 1 2 1 38 8 21 19 1 11 1 8

# Instance 470
15 3 4 58
1 38 16 1 39 6 10 9 1 2 2 10 16 22 1

# Instance 471
15 3 8 703
11 89 698 27 559 1 73 13 31 3 21 1 1 2 579

# Instance 472
15 3 8 879
281 601 29 545 2 274 364 1 112 21 53 21 11 321 1

# Instance 473
15 3 8 779
443 152 9 6 521 1 49 3 7 325 1 242 54 21 503

# Instance 474
15 3 8 1162
71 324 746 27 165 6 15 6 824 94 18 303 11 861 15

# Instance 475
15 3 8 840
7 1 88 408 105 74 35 32 603 109 683 242 12 25 96

# Instance 476
15 3 16 183896
967 29601 10327 2637 47232 8508 60238 74832 19186 176 35664 627 1818 90937 168938

# Instance 477
15 3 16 175350
1078 80759 7984 4456 25473 62398 1295 99827 9125 61806 39856 107648 685 561 23099

# Instance 478
15 3 16 183164
12073 5670 92388 13747 8455 9002 123562 30968 140509 17026 16204 22135 22323 1103 34327

# Instance 479
15 3 16 239725
117603 450 7063 24437 189 25870 16865 22350 6292 175766 38320 166618 18387 4393 94572

# Instance 480
15 3 16 266819
20292 152332 945 252443 2253 516 28274 104199 14859 92 1959 44782 69272 98167 10072

# Instance 481
16 3 4 66
18 15 1 3 7 6 42 21 21 22 2 1 5 26 7 1

# Instance 482
16 3 4 52
1 3 8 23 10 29 5 3 12 12 18 4 2 4 2 20

# Instance 483
16 3 4 64
42 1 13 2 1 2 54 18 4 12 3 3 1 5 15 16

# Instance 484
16 3 4 62
1 5 6 6 51 9 1 1 28 1 48 13 10 2 2 2

# Instance 485
16 3 4 78
1 40 2 2 1 1 6 69 5 19 1 1 54 22 3 7

# Instance 486
16 3 8 1135
629 474 37 5 18 822 5 94 56 24 2 112 142 874 108 3

# Instance 487
16 3 8 765
125 3 31 200 489 9 693 8 22 3 498 42 17 37 103 15

# Instance 488
16 3 8 1361
413 9 995 744 161 45 90 173 5 406 768 94 55 2 112 11

# Instance 489
16 3 8 1058
65 5 41 13 24 211 833 72 43 30 34 765 99 385 547 7

# Instance 490
16 3 8 1188
233 862 109 1 31 325 29 19 2 344 91 70 185 304 864 95

# Instance 491
16 3 16 307017
134790 42944 112231 1264 36523 3141 15989 3086 14199 180411 48836 72390 48242 59166 63463 84376

# Instance 492
16 3 16 322114
7033 173156 105085 5718 128352 1918 313270 15918 25864 824 50704 9178 116630 8831 384 3477

# Instance 493
16 3 16 345661
75026 3408 42396 31409 12700 64514 171812 156520 14305 153315 142361 976 14116 38501 8894 106730

# Instance 494
16 3 16 241095
103335 72862 52408 132430 906 3961 1563 575 15 4939 1 234115 3751 560 44168 67696

# Instance 495
16 3 16 251014
157318 961 99862 1537 91019 128503 53153 5608 7755 957 14233 1847 77244 70660 38049 4336

# Instance 496
17 3 4 54
7 11 34 5 44 29 1 1 8 1 1 3 3 1 1 10 2

# Instance 497
17 3 4 90
18 9 2 29 1 3 55 1 13 52 4 1 1 54 21 2 4

# Instance 498
17 3 4 76
41 2 11 7 3 19 14 34 19 1 2 5 55 1 1 12 1

# Instance 499
17 3 4 53
1 1 1 15 6 1 1 1 43 3 1 14 20 1 2 1 47

# Instance 500
17 3 4 71
11 5 2 27 23 38 3 12 12 3 11 5 5 12 39 4 1

# Instance 501
17 3 8 1133
5 1 1054 51 25 1 1 4 1 2 37 32 1 62 940 55 1127

# Instance 502
17 3 8 1093
575 14 9 164 865 77 136 13 1 808 16 70 13 192 1 20 305

# Instance 503
17 3 8 1045
209 1 448 592 61 126 5 69 532 46 341 3 53 443 132 1 73

# Instance 504
17 3 8 896
29 39 219 261 7 29 94 280 450 103 15 215 111 1 825 6 4

# Instance 505
17 3 8 727
611 15 555 34 381 57 10 12 235 142 1 7 5 21 19 75 1

# Instance 506
17 3 16 200084
3329 415 9896 81882 37594 35297 9376 30882 753 48893 152 1040 49622 157216 53724 49907 30274

# Instance 507
17 3 16 366602
53 10 287223 25123 4 12023 1111 7425 1 190 2923 52954 4494 351126 334298 12864 7984

# Instance 508
17 3 16 292770
72613 55936 40284 32961 85050 14878 1356 3641 8549 106478 85205 8052 21962 185444 78725 69130 8046

# Instance 509
17 3 16 204285
427 42042 734 194997 113563 1786 1396 43650 4945 14291 183 1629 7646 64075 10727 4608 106156

# Instance 510
17 3 16 245745
54917 4016 846 200807 99216 21068 2229 204 187 56606 1433 978 1192 13938 1 42317 237280

# Instance 511
18 3 4 57
45 8 39 1 1 4 1 2 1 13 22 6 7 3 8 8 1 1

# Instance 512
18 3 4 54
1 8 1 14 13 1 4 23 1 14 4 5 1 38 2 29 2 1

# Instance 513
18 3 4 48
35 4 34 1 6 3 3 5 1 33 1 1 1 1 1 4 6 4

# Instance 514
18 3 4 86
3 1 1 1 53 3 3 1 4 1 4 2 76 21 25 32 1 26

# Instance 515
18 3 4 83
34 55 6 35 1 2 10 1 1 1 12 16 3 1 66 2 1 2

# Instance 516
18 3 8 1441
417 11 4 222 198 1 46 795 174 5 1056 2 449 47 741 111 18 26

# Instance 517
18 3 8 1347
2 24 68 21 1 11 1 1 351 668 450 35 1200 7 960 3 159 79

# Instance 518
18 3 8 973
29 371 1 819 5 27 15 1 2 1 12 13 6 769 5 157 578 108

# Instance 519
18 3 8 1371
182 295 23 9 346 12 2 14 28 68 273 137 206 661 5 1111 98 643

# Instance 520
18 3 8 1468
52 23 93 259 70 27 608 309 191 48 171 190 335 190 798 143 752 145

# Instance 521
18 3 16 296699
198483 71212 1440 13919 95036 2815 5382 400 15266 591 1554 2126 289095 6149 777 26004 1981 157867

# Instance 522
18 3 16 197900
170241 22632 156199 3109 19143 7192 1707 7 184 11687 13189 2977 181271 1725 1 1296 994 146

# Instance 523
18 3 16 258717
2804 24651 223881 83933 175052 3042 8249 2960 2918 61 3117 142851 25242 7994 1322 39063 28950 61

# Instance 524
18 3 16 336066
104665 3656 2377 2568 1966 163189 8966 34494 1596 183409 41924 25446 163656 14981 134525 1401 5477 113902

# Instance 525
18 3 16 247953
28381 17691 415 60692 1470 940 97476 6981 19080 38380 157765 3600 3241 122372 125994 53471 4314 1596

# Instance 526
19 3 4 81
4 22 1 8 1 1 5 3 1 1 1 76 17 18 7 1 51 5 20

# Instance 527
19 3 4 57
5 9 5 20 13 18 6 5 38 11 1 1 11 14 1 4 6 2 1

# Instance 528
19 3 4 95
58 8 1 1 5 1 6 1 2 78 3 2 12 35 42 4 1 18 7

# Instance 529
19 3 4 75
2 67 3 6 1 2 2 34 27 9 3 1 1 1 1 21 16 26 2

# Instance 530
19 3 4 61
33 17 3 1 1 3 44 7 2 13 7 4 2 5 3 1 2 32 3

# Instance 531
19 3 8 1190
2 12 4 67 1 108 5 8 432 2 5 472 9 178 987 1093 9 16 160

# Instance 532
19 3 8 989
2 579 5 965 4 3 10 1 13 4 12 124 249 17 1 964 3 10 1

# Instance 533
19 3 8 1300
240 190 69 3 5 396 4 1 744 153 347 57 21 126 88 144 145 13 1154

# Instance 534
19 3 8 1497
1 2 6 158 841 1490 16 11 1 14 4 461 119 138 2 23 1180 1 23

# Instance 535
19 3 8 1134
407 19 110 41 1 127 73 501 34 527 56 211 32 489 39 279 314 91 51

# Instance 536
19 3 16 282264
58540 56931 51323 982 15 35098 76587 125872 53229 3305 1706 50 26726 102308 104953 20124 70523 58512 8

# Instance 537
19 3 16 378644
13117 149 12995 3094 50166 571 52673 134211 231112 1947 59 79027 15262 1440 214188 3723 9942 193 312063

# Instance 538
19 3 16 374225
6565 732 10525 8982 13458 3137 37054 55104 93556 8546 98026 81918 42880 328366 149221 71040 9299 21967 82299

# Instance 539
19 3 16 314060
9465 4691 39440 121206 3077 14019 310 2539 82217 26808 4070 49036 1151 82287 142252 102314 2186 251994 3118

# Instance 540
19 3 16 319342
352 152967 2618 25441 158741 5135 4093 26061 17704 114336 7568 84947 25495 436 214556 7301 6700 1593 101982

# Instance 541
20 3 4 80
28 1 1 69 21 2 4 8 2 15 10 1 6 1 15 6 41 2 2 5

# Instance 542
20 3 4 76
1 18 22 39 10 2 1 1 10 1 52 45 2 2 4 1 6 1 1 9

# Instance 543
20 3 4 100
2 16 17 4 3 1 1 1 28 42 9 12 10 50 1 20 16 56 4 7

# Instance 544
20 3 4 61
1 1 1 1 6 48 3 3 34 1 16 4 4 50 1 1 2 4 1 1

# Instance 545
20 3 4 98
1 37 24 13 3 1 32 15 8 4 2 1 4 1 36 1 45 64 1 1

# Instance 546
20 3 8 1457
1303 794 3 137 883 1 2 44 19 86 344 27 1 1 1 54 14 37 619 1

# Instance 547
20 3 8 1501
29 190 63 221 44 56 226 48 509 87 15 5 456 40 264 500 553 120 164 913

# Instance 548
20 3 8 994
44 39 51 59 131 16 98 721 641 83 43 70 98 313 24 4 7 17 11 512

# Instance 549
20 3 8 1613
1032 659 28 7 65 7 21 204 1248 143 174 7 114 13 55 194 401 35 143 289

# Instance 550
20 3 8 860
94 15 20 1 465 1 3 1 1 2 32 2 57 6 712 104 1 853 209 1

# Instance 551
20 3 16 301725
31 51369 3811 135136 5996 182 3883 74536 40504 2 19815 37755 40022 62437 505 1628 1097 16461 244630 165375

# Instance 552
20 3 16 397812
3674 151 83638 378637 4906 376247 7586 5505 32 14157 5950 26332 2037 286 186937 1086 6663 88308 875 429

# Instance 553
20 3 16 331420
195280 22926 13419 253780 53 14 8 112054 2645 17739 2644 69276 5145 4846 36164 13693 1135 3 82966 160470

# Instance 554
20 3 16 229365
23311 9205 28633 2 1 100777 97958 3004 24372 3738 64436 286 66036 11 1942 29355 35032 42875 156978 143

# Instance 555
20 3 16 301768
142 63419 19656 675 6 6 8 198341 329 7 82326 658 98003 19073 4237 41 56775 281427 17479 62696

# Instance 556
4 4 4 13
13 13 13 13

# Instance 557
4 4 4 13
13 13 13 13

# Instance 558
4 4 4 10
10 10 10 10

# Instance 559
4 4 4 10
10 10 10 10

# Instance 560
4 4 4 11
11 11 11 11

# Instance 561
4 4 8 140
140 140 140 140

# Instance 562
4 4 8 225
225 225 225 225

# Instance 563
4 4 8 165
165 165 165 165

# Instance 564
4 4 8 190
190 190 190 190

# Instance 565
4 4 8 193
193 193 193 193

# Instance 566
4 4 16 41473
41473 41473 41473 41473

# Instance 567
4 4 16 35691
35691 35691 35691 35691

# Instance 568
4 4 16 36757
36757 36757 36757 36757

# Instance 569
4 4 16 58472
58472 58472 58472 58472

# Instance 570
4 4 16 50999
50999 50999 50999 50999

# Instance 571
5 4 4 12
1 11 12 12 12

# Instance 572
5 4 4 14
5 14 9 14 14

# Instance 573
5 4 4 15
15 15 8 15 7

# Instance 574
5 4 4 18
18 18 3 15 18

# Instance 575
5 4 4 16
2 16 14 16 16

# Instance 576
5 4 8 172
51 121 172 172 172

# Instance 577
5 4 8 206
206 141 206 206 65

# Instance 578
5 4 8 198
8 190 198 198 198

# Instance 579
5 4 8 214
214 214 151 63 214

# Instance 580
5 4 8 209
122 87 209 209 209

# Instance 581
5 4 16 54833
54833 37630 17203 54833 54833

# Instance 582
5 4 16 79196
79196 79196 79196 12974 66222

# Instance 583
5 4 16 78582
24879 78582 53703 78582 78582

# Instance 584
5 4 16 70780
66948 70780 3832 70780 70780

# Instance 585
5 4 16 43672
36438 43672 7234 43672 43672

# Instance 586
6 4 4 16
9 16 4 16 12 7

# Instance 587
6 4 4 17
10 2 17 15 7 17

# Instance 588
6 4 4 17
17 12 5 10 7 17

# Instance 589
6 4 4 18
18 18 2 8 10 16

# Instance 590
6 4 4 22
2 22 2 20 20 22

# Instance 591
6 4 8 322
322 193 129 237 322 85

# Instance 592
6 4 8 343
285 58 159 184 343 343

# Instance 593
6 4 8 371
364 371 7 371 204 167

# Instance 594
6 4 8 311
180 45 311 131 266 311

# Instance 595
6 4 8 330
330 182 148 120 330 210

# Instance 596
6 4 16 53675
11628 45487 53675 8188 53675 42047

# Instance 597
6 4 16 87706
67400 13743 87706 73963 87706 20306

# Instance 598
6 4 16 88907
88907 88907 69922 70894 18013 18985

# Instance 599
6 4 16 79181
18983 60198 79181 63958 79181 15223

# Instance 600
6 4 16 87895
2471 85424 73491 14404 87895 87895

# Instance 601
7 4 4 21
18 6 15 21 6 15 3

# Instance 602
7 4 4 17
16 13 17 7 1 10 4

# Instance 603
7 4 4 20
3 7 13 17 20 7 13

# Instance 604
7 4 4 20
19 7 13 1 15 5 20

# Instance 605
7 4 4 22
9 7 22 15 2 20 13

# Instance 606
7 4 8 308
3 75 64 233 305 244 308

# Instance 607
7 4 8 267
232 45 197 222 35 267 70

# Instance 608
7 4 8 401
181 153 396 220 5 401 248

# Instance 609
7 4 8 421
197 421 209 401 20 224 212

# Instance 610
7 4 8 361
85 182 75 276 361 179 286

# Instance 611
7 4 16 106853
93305 99136 100204 7717 106853 6649 13548

# Instance 612
7 4 16 68323
25656 22281 34935 42667 46042 33388 68323

# Instance 613
7 4 16 68162
44107 35994 32168 24055 16467 51695 68162

# Instance 614
7 4 16 110075
107904 110075 45027 65048 2171 58171 51904

# Instance 615
7 4 16 85922
47376 38546 19308 66614 17975 85922 67947

# Instance 616
8 4 4 22
18 20 18 14 4 4 2 8

# Instance 617
8 4 4 23
3 18 4 19 16 20 7 5

# Instance 618
8 4 4 25
13 14 12 19 12 6 13 11

# Instance 619
8 4 4 27
18 9 24 3 10 12 15 17

# Instance 620
8 4 4 30
4 1 1 28 26 29 2 29

# Instance 621
8 4 8 292
284 147 245 8 110 145 47 182

# Instance 622
8 4 8 310
82 227 92 228 218 45 83 265

# Instance 623
8 4 8 377
278 305 57 99 72 28 320 349

# Instance 624
8 4 8 447
62 13 434 147 390 385 300 57

# Instance 625
8 4 8 445
334 426 428 111 144 17 19 301

# Instance 626
8 4 16 128152
18371 110518 57977 17634 109781 40880 87272 70175

# Instance 627
8 4 16 92433
10399 10055 79379 61247 82034 31186 82378 13054

# Instance 628
8 4 16 96628
56055 82410 40573 37572 51561 45067 59056 14218

# Instance 629
8 4 16 68205
34641 11408 55617 14851 53354 56797 33564 12588

# Instance 630
8 4 16 121693
39476 110046 87934 52902 33759 68791 11647 82217

# Instance 631
9 4 4 31
6 22 3 28 15 18 10 9 13

# Instance 632
9 4 4 18
5 5 4 11 15 14 2 3 13

# Instance 633
9 4 4 28
23 1 21 16 12 4 3 25 7

# Instance 634
9 4 4 22
18 11 4 16 6 5 6 1 21

# Instance 635
9 4 4 24
12 4 16 12 8 18 8 12 6

# Instance 636
9 4 8 570
443 375 325 195 127 234 489 11 81

# Instance 637
9 4 8 438
105 400 18 333 262 38 285 153 158

# Instance 638
9 4 8 448
316 72 33 148 343 300 349 132 99

# Instance 639
9 4 8 487
8 142 227 252 345 405 450 37 82

# Instance 640
9 4 8 334
83 65 154 183 55 269 151 125 251

# Instance 641
9 4 16 109999
100286 97423 1002 59800 9713 89003 50199 11574 20996

# Instance 642
9 4 16 117691
35588 63664 61529 101291 16400 94767 18439 22924 56162

# Instance 643
9 4 16 112896
10890 26334 83047 61221 51675 3515 102006 21111 91785

# Instance 644
9 4 16 89975
23870 25592 66105 55910 71260 76040 13935 8473 18715

# Instance 645
9 4 16 95476
56992 9405 72370 38484 17728 12635 23106 82841 68343

# Instance 646
10 4 4 35
3 8 7 1 28 21 32 6 3 31

# Instance 647
10 4 4 34
16 18 14 2 22 5 10 6 23 20

# Instance 648
10 4 4 20
3 4 5 4 14 1 12 6 14 17

# Instance 649
10 4 4 35
29 6 14 6 3 9 23 19 10 21

# Instance 650
10 4 4 39
14 2 6 24 1 16 23 25 32 13

# Instance 651
10 4 8 624
69 42 548 34 180 316 155 444 239 469

# Instance 652
10 4 8 609
224 205 81 204 38 367 440 404 169 304

# Instance 653
10 4 8 550
187 234 322 253 51 316 246 379 41 171

# Instance 654
10 4 8 483
277 104 147 217 254 140 12 102 343 336

# Instance 655
10 4 8 422
110 172 140 173 27 201 312 249 110 194

# Instance 656
10 4 16 134214
110173 94607 24365 22204 131676 98165 1837 11684 2538 39607

# Instance 657
10 4 16 102527
39054 3534 79762 11732 59939 22765 20272 35142 55653 82255

# Instance 658
10 4 16 84771
41712 9301 6632 30751 49418 12308 78139 22528 52942 35353

# Instance 659
10 4 16 130964
10922 47525 80530 6342 108756 120042 2909 11791 112831 22208

# Instance 660
10 4 16 124684
87991 36693 12325 201 8942 119605 61338 5079 51021 115541

# Instance 661
11 4 4 38
1 33 10 7 4 29 6 28 3 16 15

# Instance 662
11 4 4 24
13 16 11 8 5 4 3 17 11 4 4

# Instance 663
11 4 4 38
24 9 12 14 10 12 5 17 22 16 11

# Instance 664
11 4 4 27
12 3 9 9 15 17 1 26 9 1 6

# Instance 665
11 4 4 40
22 7 33 3 29 11 28 11 11 1 4

# Instance 666
11 4 8 446
6 258 433 93 2 24 19 329 425 7 188

# Instance 667
11 4 8 525
496 312 248 68 462 181 145 45 96 29 18

# Instance 668
11 4 8 445
69 32 205 311 1 413 115 438 171 6 19

# Instance 669
11 4 8 489
64 308 136 62 280 217 145 177 4 427 136

# Instance 670
11 4 8 516
448 302 48 114 72 68 138 354 256 122 142

# Instance 671
11 4 16 116135
4728 92919 52985 18182 93225 33002 49791 6225 16991 66344 30148

# Instance 672
11 4 16 103326
1097 18996 5035 102229 2835 13573 62771 53375 44916 37720 70757

# Instance 673
11 4 16 142112
69644 29139 2038 43829 58636 5131 28639 112973 81438 58337 78644

# Instance 674
11 4 16 166620
116906 11819 42940 57909 25354 154801 106637 17043 4706 83357 45008

# Instance 675
11 4 16 138988
103182 24904 574 93973 105268 35806 5364 30091 39651 108323 8816

# Instance 676
12 4 4 40
5 1 9 34 21 9 9 10 4 22 3 33

# Instance 677
12 4 4 25
14 22 8 5 1 13 10 16 2 2 6 1

# Instance 678
12 4 4 32
9 4 1 17 24 1 18 22 7 9 10 6

# Instance 679
12 4 4 39
13 2 23 10 36 1 6 20 20 6 12 7

# Instance 680
12 4 4 39
13 3 17 16 19 11 12 5 1 21 26 12

# Instance 681
12 4 8 686
104 2 24 445 64 558 21 75 609 32 590 220

# Instance 682
12 4 8 563
211 332 244 116 25 125 323 206 227 124 48 271

# Instance 683
12 4 8 525
39 77 123 12 75 74 374 155 295 5 397 474

# Instance 684
12 4 8 505
7 486 275 349 10 43 146 323 224 12 6 139

# Instance 685
12 4 8 450
359 38 108 85 141 408 211 144 98 198 6 4

# Instance 686
12 4 16 103123
66026 16685 12615 33672 25322 44129 20412 58621 38656 5846 38920 51588

# Instance 687
12 4 16 103340
22176 73011 9388 8153 81106 7005 5043 90517 27716 68619 12846 7780

# Instance 688
12 4 16 153972
133319 147464 19232 218 6290 24045 82327 44637 7002 1421 122925 27008

# Instance 689
12 4 16 149224
30245 110817 8162 83878 4658 111105 11805 23870 67767 60688 69652 14249

# Instance 690
12 4 16 106342
29843 12068 221 40979 67489 13979 435 26785 104592 1529 91928 35520

# Instance 691
13 4 4 41
4 6 8 18 31 32 15 2 9 2 4 5 28

# Instance 692
13 4 4 46
3 9 14 1 12 7 25 31 2 27 4 6 43

# Instance 693
13 4 4 31
10 2 15 5 22 7 4 15 1 17 23 2 1

# Instance 694
13 4 4 26
2 1 1 1 1 18 1 1 24 24 22 5 3

# Instance 695
13 4 4 35
1 7 3 10 2 1 3 15 9 33 2 30 24

# Instance 696
13 4 8 610
200 3 137 446 479 369 14 69 13 228 27 114 341

# Instance 697
13 4 8 816
420 148 190 87 698 148 581 10 87 15 539 108 233

# Instance 698
13 4 8 808
505 427 66 179 101 431 342 614 311 4 35 15 202

# Instance 699
13 4 8 696
130 438 4 115 312 199 148 185 30 228 303 57 635

# Instance 700
13 4 8 582
553 52 11 103 450 3 48 70 26 519 141 62 290

# Instance 701
13 4 16 165794
4753 6553 19283 158545 103871 155949 95433 2496 49811 12112 42171 8907 3292

# Instance 702
13 4 16 191187
470 7216 148842 9496 27653 180557 7714 36324 18800 14692 3414 144897 164673

# Instance 703
13 4 16 125255
4075 30067 92541 2647 70704 11160 35447 19104 87684 16096 21475 7713 102307

# Instance 704
13 4 16 172607
52900 12426 4462 61057 107281 6232 82462 72430 100619 104423 6469 61952 17715

# Instance 705
13 4 16 180992
22663 2505 17962 111174 43408 53192 111434 51596 101921 16626 4869 56408 130210

# Instance 706
14 4 4 42
13 25 6 16 4 3 3 24 9 19 2 16 27 1

# Instance 707
14 4 4 48
1 8 1 41 42 33 2 3 4 1 7 43 4 2

# Instance 708
14 4 4 41
10 8 17 17 6 2 18 38 2 27 1 13 1 4

# Instance 709
14 4 4 32
6 15 8 24 1 22 3 9 5 15 4 4 8 4

# Instance 710
14 4 4 33
1 8 3 19 4 4 26 2 1 24 19 6 12 3

# Instance 711
14 4 8 888
240 1 43 87 510 82 757 521 566 315 320 52 3 55

# Instance 712
14 4 8 460
263 141 63 60 361 162 238 17 19 294 34 56 119 13

# Instance 713
14 4 8 766
2 108 346 312 336 179 114 627 79 74 23 508 322 34

# Instance 714
14 4 8 839
401 592 30 1 3 710 14 821 125 99 313 70 78 99

# Instance 715
14 4 8 800
670 303 100 100 167 73 269 60 48 23 431 364 585 7

# Instance 716
14 4 16 122703
5802 14768 45409 25000 12738 52294 23406 12391 72138 43995 12016 97949 21280 51626

# Instance 717
14 4 16 221645
177873 31618 88398 91645 196890 2573 1547 104070 12154 118919 11081 27630 14055 8127

# Instance 718
14 4 16 161165
40825 1116 76722 835 25851 22280 64580 26470 152061 71262 70115 21338 62936 8269

# Instance 719
14 4 16 200620
32 13705 109927 131935 13154 147741 36436 161176 54501 14679 25707 32249 21513 39725

# Instance 720
14 4 16 228213
60995 168773 18371 187198 12585 139864 25813 33448 2208 142613 54901 24605 31419 10059

# Instance 721
15 4 4 41
8 27 8 1 5 14 6 6 3 20 5 12 6 25 18

# Instance 722
15 4 4 44
5 3 7 1 9 37 5 33 2 35 1 1 25 8 4

# Instance 723
15 4 4 46
11 10 13 40 6 18 25 2 3 4 18 1 18 12 3

# Instance 724
15 4 4 56
1 20 22 53 12 2 6 1 39 28 10 4 1 13 12

# Instance 725
15 4 4 53
2 4 2 9 27 1 9 16 38 11 2 39 6 33 13

# Instance 726
15 4 8 948
414 25 487 423 158 8 303 60 166 509 51 201 102 150 735

# Instance 727
15 4 8 531
1 393 281 4 261 91 133 16 120 109 150 90 184 50 241

# Instance 728
15 4 8 820
44 230 164 454 48 118 239 79 174 485 413 3 665 53 111

# Instance 729
15 4 8 797
126 4 134 259 34 408 295 302 340 28 382 77 592 79 128

# Instance 730
15 4 8 508
235 17 56 382 456 6 13 23 4 469 260 13 12 57 29

# Instance 731
15 4 16 124102
5544 45994 111786 31120 113142 67637 535 41 4528 6479 7747 4881 27135 18866 50973

# Instance 732
15 4 16 216856
127390 5731 63292 26174 210184 12337 138910 559 2663 29459 3646 36150 1357 2467 207105

# Instance 733
15 4 16 130934
42488 51267 51167 75094 16391 11783 45874 226 7998 5932 23916 94762 31247 33893 31698

# Instance 734
15 4 16 222203
4400 5465 9540 190 14279 202184 202459 46254 105829 154604 3723 63009 6756 33715 36405

# Instance 735
15 4 16 132465
7317 15919 6260 2954 3667 87462 22824 989 124855 120208 70840 6218 53699 609 6039

# Instance 736
16 4 4 36
2 6 6 14 2 17 6 10 3 17 10 5 6 2 30 8

# Instance 737
16 4 4 60
29 28 31 13 1 1 17 25 11 2 11 1 2 56 1 11

# Instance 738
16 4 4 45
3 42 1 30 7 24 5 3 1 13 1 2 1 1 7 39

# Instance 739
16 4 4 48
7 4 42 1 2 16 24 3 19 38 1 1 2 4 2 26

# Instance 740
16 4 4 50
2 16 33 13 4 30 15 4 31 8 3 30 2 5 3 1

# Instance 741
16 4 8 858
348 85 423 10 702 36 50 4 51 4 37 828 3 22 20 809

# Instance 742
16 4 8 887
20 741 32 7 9 13 281 71 44 40 3 796 19 516 843 113

# Instance 743
16 4 8 637
30 392 38 389 32 197 378 3 130 80 26 2 77 119 606 49

# Instance 744
16 4 8 794
1 635 78 167 690 17 97 76 229 322 97 6 714 1 45 1

# Instance 745
16 4 8 722
6 15 2 8 54 339 524 89 670 318 55 47 699 18 6 38

# Instance 746
16 4 16 145248
142321 1277 122 5062 133 705 34119 462 133406 130287 1760 22771 88236 9766 1755 8810

# Instance 747
16 4 16 218645
68560 14427 102722 31049 38158 29594 119844 120340 63210 16322 53210 28773 12708 122950 9994 42719

# Instance 748
16 4 16 183463
90480 23767 45510 140900 41672 7499 59786 819 170643 768 61717 69935 5553 123 6448 8232

# Instance 749
16 4 16 172595
40688 98267 20 13383 18408 10404 60547 411 111856 150111 74228 80 52952 40192 8690 10143

# Instance 750
16 4 16 149114
71697 2496 31263 12117 109588 2527 2010 127582 28173 56609 17026 7624 639 117989 8691 425

# Instance 751
17 4 4 50
1 8 2 2 9 3 14 2 3 4 38 13 32 18 12 11 28

# Instance 752
17 4 4 59
21 40 5 7 1 1 4 30 6 3 27 1 48 30 4 3 5

# Instance 753
17 4 4 65
1 58 62 12 2 12 37 1 2 3 12 1 2 2 51 1 1

# Instance 754
17 4 4 46
17 2 20 5 5 39 11 1 3 15 9 1 13 1 23 13 6

# Instance 755
17 4 4 48
2 3 34 4 16 17 2 9 7 3 1 37 20 7 4 24 2

# Instance 756
17 4 8 593
54 543 16 32 453 61 56 33 45 109 58 1 349 2 106 369 85

# Instance 757
17 4 8 724
64 299 241 120 18 280 458 98 56 58 7 484 151 220 125 144 73

# Instance 758
17 4 8 816
220 156 78 146 658 208 108 1 134 91 8 15 153 332 342 439 175

# Instance 759
17 4 8 755
557 162 7 1 7 46 423 21 17 201 718 85 58 666 3 29 19

# Instance 760
17 4 8 804
30 420 65 329 735 458 363 11 89 41 82 54 25 254 210 47 3

# Instance 761
17 4 16 165435
752 32367 24013 97747 5044 87723 20889 35134 93839 2036 61998 137288 2214 4938 48017 3646 4095

# Instance 762
17 4 16 236883
10697 49973 184611 138754 9079 143360 24087 51421 16232 34471 82154 25296 11556 30867 94649 30476 9849

# Instance 763
17 4 16 231337
117195 35744 17215 8425 33282 41651 152752 24131 39386 1832 173489 34747 7519 14309 12803 138992 71876

# Instance 764
17 4 16 189252
76811 4228 781 1175 12431 8406 123526 15616 52742 620 474 67940 1010 179197 92484 110811 8756

# Instance 765
17 4 16 230309
22992 4461 27511 66350 38544 24146 133712 1230 34896 49517 90519 8153 11992 165453 197107 26935 17718

# Instance 766
18 4 4 45
1 1 17 19 10 14 23 1 15 1 36 16 4 1 7 12 1 1

# Instance 767
18 4 4 36
8 1 13 30 10 14 3 10 5 2 3 2 1 12 1 3 10 16

# Instance 768
18 4 4 61
8 2 7 1 1 8 50 4 2 1 1 51 43 43 1 12 1 8

# Instance 769
18 4 4 59
9 15 20 7 45 24 11 7 24 4 4 24 18 1 5 15 1 2

# Instance 770
18 4 4 66
10 34 8 12 5 6 2 23 26 29 35 2 5 14 40 8 4 1

# Instance 771
18 4 8 806
10 219 25 438 717 65 54 4 62 10 28 5 237 7 325 564 145 309

# Instance 772
18 4 8 750
48 146 135 72 42 120 427 263 679 225 8 27 142 10 57 6 186 407

# Instance 773
18 4 8 698
3 10 293 2 16 316 647 254 45 3 134 106 12 325 33 345 71 177

# Instance 774
18 4 8 1071
427 673 47 242 3 1 86 466 861 224 328 516 38 154 27 168 6 17

# Instance 775
18 4 8 602
2 19 53 16 38 36 463 548 1 7 44 533 137 20 244 83 12 152

# Instance 776
18 4 16 257581
31693 18079 164673 144859 12793 3018 197601 51571 23541 156248 7329 25480 10465 8718 66622 25640 20392 61602

# Instance 777
18 4 16 246738
25468 57002 42091 56 5 66226 589 69830 5177 77815 1337 306 220881 4017 219632 1044 173998 21478

# Instance 778
18 4 16 289424
37686 50232 83547 53719 88326 280162 36688 20114 11739 60727 954 151673 2029 104632 3772 1397 2507 167792

# Instance 779
18 4 16 200561
46477 41922 531 62873 4918 18980 27362 9242 139218 160513 177661 1198 8209 19396 30309 8748 40749 3938

# Instance 780
18 4 16 240815
57142 535 25748 118526 112796 42101 66639 40738 24768 25876 83821 18005 42165 706 32507 75915 189636 5636

# Instance 781
19 4 4 67
8 12 18 1 1 36 1 7 1 9 1 22 33 1 4 63 1 45 4

# Instance 782
19 4 4 59
2 53 1 3 1 2 41 1 1 1 5 47 14 1 3 1 2 2 55

# Instance 783
19 4 4 52
21 1 1 2 1 3 9 3 1 14 4 46 12 2 9 3 37 2 37

# Instance 784
19 4 4 56
4 5 9 7 20 2 42 1 17 22 14 5 1 8 11 17 27 6 6

# Instance 785
19 4 4 59
1 22 5 33 1 2 3 1 52 3 5 1 16 1 2 47 1 39 1

# Instance 786
19 4 8 904
309 106 175 124 101 159 19 37 35 23 434 791 272 102 168 34 383 256 88

# Instance 787
19 4 8 736
31 164 30 76 95 198 92 43 100 4 4 361 314 332 223 166 518 116 77

# Instance 788
19 4 8 720
7 16 27 166 276 559 11 2 158 4 540 387 10 28 510 6 129 6 38

# Instance 789
19 4 8 695
106 269 510 31 22 132 10 260 150 25 428 18 76 15 29 166 55 226 252

# Instance 790
19 4 8 1130
25 165 159 36 901 8 170 470 1101 316 11 364 35 197 6 4 304 133 115

# Instance 791
19 4 16 164677
6 50 6 9854 2926 36490 94 451 163769 846 49562 15761 163 59238 22175 132554 3626 53771 107366

# Instance 792
19 4 16 302672
2 4144 48278 118435 113256 7318 176274 122109 17 12856 11711 650 8217 263150 294327 109 8754 17912 3169

# Instance 793
19 4 16 180058
107279 4582 60164 12056 238 35124 25501 15743 19532 17972 96316 15098 4669 228 72289 133134 6361 63300 30646

# Instance 794
19 4 16 244376
71900 87894 359 19935 77043 11739 124414 11872 55335 49083 34829 155603 47282 19356 70968 772 101359 35418 2343

# Instance 795
19 4 16 211021
34648 3822 8397 99372 52539 19404 93389 28882 16962 44917 38550 39933 41225 24769 92559 29157 4464 98752 72343

# Instance 796
20 4 4 47
4 1 7 4 30 19 36 11 2 9 16 4 3 5 3 2 13 9 9 1

# Instance 797
20 4 4 76
36 1 12 55 12 48 1 11 1 6 17 4 1 24 15 41 5 4 2 8

# Instance 798
20 4 4 48
1 3 6 4 37 9 37 2 2 7 19 4 1 2 1 31 4 3 18 1

# Instance 799
20 4 4 42
7 32 10 1 1 27 2 3 1 3 6 26 4 1 1 35 3 1 3 1

# Instance 800
20 4 4 64
5 2 10 2 2 3 5 53 18 3 4 41 40 1 36 4 2 4 14 7

# Instance 801
20 4 8 1267
243 45 590 548 109 90 765 319 344 387 354 1 41 1 201 18 510 210 137 155

# Instance 802
20 4 8 1247
274 15 365 533 3 69 1149 375 7 39 91 15 162 26 18 56 847 861 19 64

# Instance 803
20 4 8 919
843 2 3 1 2 71 4 50 1 1 1 860 4 670 915 1 3 2 89 153

# Instance 804
20 4 8 1205
809 200 1169 367 6 10 118 40 3 566 122 22 811 115 1 2 183 230 11 35

# Instance 805
20 4 8 1084
258 25 204 66 850 761 269 91 4 315 4 182 762 97 15 68 202 105 35 23

# Instance 806
20 4 16 219020
19814 105218 11937 22457 2244 13850 87731 33812 108306 166489 23200 102985 13658 2852 2381 17992 3544 2633 65827 69150

# Instance 807
20 4 16 172601
170073 1146 1648 15710 2297 156545 1257 162722 760 9758 250 288 4788 6 12 31 162040 39 301 733

# Instance 808
20 4 16 240979
19107 11134 30125 130652 17991 57740 13656 19944 19832 587 40049 113623 40190 14906 18114 53996 6262 110152 188790 57066

# Instance 809
20 4 16 266164
91003 194735 210273 205450 3227 19370 146 9 27059 46 44688 15760 569 77 71297 3736 28202 41072 107876 61

# Instance 810
20 4 16 255017
37492 55312 8065 10937 22615 19616 152892 182278 7070 11083 30253 26477 135527 33656 30976 184136 5764 16083 3214 46622

# Instance 811
5 5 4 8
8 8 8 8 8

# Instance 812
5 5 4 9
9 9 9 9 9

# Instance 813
5 5 4 10
10 10 10 10 10

# Instance 814
5 5 4 15
15 15 15 15 15

# Instance 815
5 5 4 11
11 11 11 11 11

# Instance 816
5 5 8 144
144 144 144 144 144

# Instance 817
5 5 8 162
162 162 162 162 162

# Instance 818
5 5 8 150
150 150 150 150 150

# Instance 819
5 5 8 181
181 181 181 181 181

# Instance 820
5 5 8 175
175 175 175 175 175

# Instance 821
5 5 16 55554
55554 55554 55554 55554 55554

# Instance 822
5 5 16 32824
32824 32824 32824 32824 32824

# Instance 823
5 5 16 58307
58307 58307 58307 58307 58307

# Instance 824
5 5 16 62969
62969 62969 62969 62969 62969

# Instance 825
5 5 16 56315
56315 56315 56315 56315 56315

# Instance 826
6 5 4 13
13 13 13 8 5 13

# Instance 827
6 5 4 11
11 11 3 11 11 8

# Instance 828
6 5 4 18
18 4 18 18 18 14

# Instance 829
6 5 4 15
15 15 11 15 15 4

# Instance 830
6 5 4 12
12 12 12 12 7 5

# Instance 831
6 5 8 272
272 272 133 272 272 139

# Instance 832
6 5 8 236
236 172 236 236 64 236

# Instance 833
6 5 8 203
203 178 203 25 203 203

# Instance 834
6 5 8 249
178 71 249 249 249 249

# Instance 835
6 5 8 236
91 145 236 236 236 236

# Instance 836
6 5 16 45476
45476 36487 45476 45476 45476 8989

# Instance 837
6 5 16 43652
43652 15022 28630 43652 43652 43652

# Instance 838
6 5 16 43270
43270 43270 9193 43270 43270 34077

# Instance 839
6 5 16 49104
49104 49104 49104 49104 40605 8499

# Instance 840
6 5 16 60006
60006 60006 7421 60006 52585 60006

# Instance 841
7 5 4 15
15 15 15 14 1 13 2

# Instance 842
7 5 4 15
6 15 15 4 11 15 9

# Instance 843
7 5 4 15
15 14 1 15 15 2 13

# Instance 844
7 5 4 13
3 3 10 13 10 13 13

# Instance 845
7 5 4 19
6 19 14 19 13 5 19

# Instance 846
7 5 8 179
158 179 179 21 30 179 149

# Instance 847
7 5 8 246
159 246 87 246 246 30 216

# Instance 848
7 5 8 292
187 292 292 105 229 292 63

# Instance 849
7 5 8 236
67 233 169 3 236 236 236

# Instance 850
7 5 8 227
15 227 227 157 70 212 227

# Instance 851
7 5 16 84363
35484 84363 84363 48879 55797 28566 84363

# Instance 852
7 5 16 48185
48185 21657 26528 48185 48185 35604 12581

# Instance 853
7 5 16 66209
54380 66209 40996 25213 66209 66209 11829

# Instance 854
7 5 16 46886
34669 46886 46886 12217 15627 46886 31259

# Instance 855
7 5 16 59998
59998 59998 38675 6898 53100 59998 21323

# Instance 856
8 5 4 24
2 22 9 24 15 24 23 1

# Instance 857
8 5 4 22
3 5 1 21 22 17 22 19

# Instance 858
8 5 4 16
16 11 7 16 9 5 9 7

# Instance 859
8 5 4 21
21 17 15 4 3 6 21 18

# Instance 860
8 5 4 22
12 4 22 22 3 10 18 19

# Instance 861
8 5 8 359
278 359 81 95 359 19 264 340

# Instance 862
8 5 8 373
373 91 294 79 373 210 163 282

# Instance 863
8 5 8 227
219 57 227 137 227 8 90 170

# Instance 864
8 5 8 274
240 196 78 180 34 274 274 94

# Instance 865
8 5 8 354
215 291 269 85 139 63 354 354

# Instance 866
8 5 16 60882
9711 58680 60882 60882 679 60203 2202 51171

# Instance 867
8 5 16 69804
2436 45240 69804 24564 62405 69804 67368 7399

# Instance 868
8 5 16 85951
18271 85951 48244 85951 67680 6739 79212 37707

# Instance 869
8 5 16 93145
7445 93145 85700 34592 40747 93145 52398 58553

# Instance 870
8 5 16 63104
13785 56397 49319 6707 63104 31567 31537 63104

# Instance 871
9 5 4 16
10 11 16 6 6 10 5 9 7

# Instance 872
9 5 4 24
1 6 13 24 11 18 12 23 12

# Instance 873
9 5 4 27
20 7 6 20 7 13 27 14 21

# Instance 874
9 5 4 20
14 20 1 6 6 19 12 8 14

# Instance 875
9 5 4 17
8 3 17 13 14 15 9 2 4

# Instance 876
9 5 8 318
170 174 213 105 318 262 144 148 56

# Instance 877
9 5 8 244
226 244 93 82 18 78 162 166 151

# Instance 878
9 5 8 376
269 66 79 181 376 107 195 310 297

# Instance 879
9 5 8 415
33 348 67 5 410 415 382 313 102

# Instance 880
9 5 8 326
318 314 8 222 257 12 104 326 69

# Instance 881
9 5 16 105094
89430 105094 16737 67058 88357 32559 72535 15664 38036

# Instance 882
9 5 16 81020
43167 71886 81020 73999 37853 42135 38885 9134 7021

# Instance 883
9 5 16 104791
37832 66959 72177 17493 47719 32614 57072 104791 87298

# Instance 884
9 5 16 84367
1647 81539 70346 67402 2828 14021 16965 82720 84367

# Instance 885
9 5 16 69266
30692 64443 4823 38574 46739 44497 24769 69266 22527

# Instance 886
10 5 4 20
14 9 6 12 12 18 2 11 8 8

# Instance 887
10 5 4 25
4 20 5 20 18 24 7 1 21 5

# Instance 888
10 5 4 32
24 30 13 11 2 21 8 19 9 23

# Instance 889
10 5 4 17
4 5 12 1 7 10 5 16 13 12

# Instance 890
10 5 4 18
4 14 15 6 11 5 13 3 12 7

# Instance 891
10 5 8 485
398 40 11 474 297 445 87 69 188 416

# Instance 892
10 5 8 334
292 42 201 279 292 133 54 55 280 42

# Instance 893
10 5 8 399
8 337 1 35 270 364 391 398 129 62

# Instance 894
10 5 8 440
279 289 127 161 429 11 177 263 151 313

# Instance 895
10 5 8 340
134 60 207 206 145 133 195 280 211 129

# Instance 896
10 5 16 127747
13790 113957 15272 126617 82509 45238 54965 72782 1130 112475

# Instance 897
10 5 16 109328
43993 90737 48009 41517 72860 61319 36468 18591 65335 67811

# Instance 898
10 5 16 90118
6654 75356 79227 40741 31215 83464 10891 14762 49377 58903

# Instance 899
10 5 16 68638
28516 49266 38738 62085 40122 22789 29900 6553 45849 19372

# Instance 900
10 5 16 113382
3104 89205 52359 55445 57937 110132 110278 61023 24177 3250

# Instance 901
11 5 4 24
11 7 20 4 23 1 8 13 18 9 6

# Instance 902
11 5 4 33
4 29 31 10 14 8 19 2 4 21 23

# Instance 903
11 5 4 29
1 13 12 16 22 17 25 7 22 3 7

# Instance 904
11 5 4 19
9 1 16 7 9 3 10 9 12 8 11

# Instance 905
11 5 4 18
10 13 16 5 5 8 13 3 14 1 2

# Instance 906
11 5 8 360
52 88 130 308 230 272 96 10 212 264 138

# Instance 907
11 5 8 387
68 353 158 142 25 229 294 34 245 364 23

# Instance 908
11 5 8 447
223 154 322 12 435 293 23 332 201 115 125

# Instance 909
11 5 8 283
99 150 224 25 34 59 25 215 258 68 258

# Instance 910
11 5 8 425
156 303 122 146 342 195 279 144 86 83 269

# Instance 911
11 5 16 89895
78914 51557 37152 86042 10981 2113 1740 38338 51893 38002 52743

# Instance 912
11 5 16 126306
104722 8885 90771 94512 35535 120362 21584 5944 31794 313 117108

# Instance 913
11 5 16 135022
2722 47935 3876 98165 34135 131146 56600 18673 87087 116349 78422

# Instance 914
11 5 16 124686
20921 101228 43551 2652 21240 81135 103446 29984 122034 2537 94702

# Instance 915
11 5 16 95656
80916 6966 6522 88690 14740 9708 74202 36101 89134 21454 49847

# Instance 916
12 5 4 20
5 3 18 3 5 2 15 1 15 1 17 15

# Instance 917
12 5 4 22
11 10 9 2 2 20 3 11 19 4 18 1

# Instance 918
12 5 4 37
33 16 3 10 10 1 7 21 17 34 29 4

# Instance 919
12 5 4 30
8 9 3 20 10 21 26 16 14 12 1 10

# Instance 920
12 5 4 29
13 14 16 5 20 28 4 14 1 11 1 18

# Instance 921
12 5 8 481
413 307 129 134 248 40 233 352 174 28 123 224

# Instance 922
12 5 8 381
240 239 11 179 215 139 141 27 166 3 202 343

# Instance 923
12 5 8 371
1 283 43 262 3 295 37 367 334 33 109 88

# Instance 924
12 5 8 527
50 65 491 364 163 71 406 36 109 418 138 324

# Instance 925
12 5 8 510
185 325 410 157 342 133 40 168 348 5 337 100

# Instance 926
12 5 16 141768
120027 28593 50882 96822 730 18650 3091 87826 141038 90886 16353 53942

# Instance 927
12 5 16 146829
119616 22659 64544 144100 136162 27213 123346 1124 9543 59626 23483 2729

# Instance 928
12 5 16 86810
81929 4881 67575 1896 17091 17339 600 11270 86210 58449 67267 19543

# Instance 929
12 5 16 143956
92688 21571 2098 135634 113562 30394 6224 51268 58404 9079 113306 85552

# Instance 930
12 5 16 88631
18671 63883 1083 87548 4942 10118 5267 83364 12874 59842 19806 75757

# Instance 931
13 5 4 30
3 13 11 15 22 5 21 17 8 12 1 8 14

# Instance 932
13 5 4 31
4 3 23 9 24 16 4 11 27 1 4 22 7

# Instance 933
13 5 4 24
5 5 3 22 5 14 3 1 11 2 10 18 21

# Instance 934
13 5 4 26
13 4 1 25 17 16 6 6 23 1 8 3 7

# Instance 935
13 5 4 26
14 23 4 23 12 12 10 3 2 3 9 12 3

# Instance 936
13 5 8 587
390 40 60 533 487 45 244 350 237 286 57 9 197

# Instance 937
13 5 8 562
45 391 30 405 52 138 404 112 158 119 531 1 424

# Instance 938
13 5 8 336
77 51 208 145 66 55 79 285 281 125 125 49 134

# Instance 939
13 5 8 359
68 24 303 32 40 273 1 86 251 307 52 1 357

# Instance 940
13 5 8 489
312 309 47 180 417 122 55 77 25 106 434 261 100

# Instance 941
13 5 16 122568
121402 47597 1086 12164 4587 70384 10874 82414 29280 8668 112814 110404 1166

# Instance 942
13 5 16 131972
38286 22515 100308 34579 3325 8287 58255 31664 35431 70295 94068 109457 53390

# Instance 943
13 5 16 121749
54222 20618 35721 45388 117750 22378 5397 3999 40640 36941 101131 62430 62130

# Instance 944
13 5 16 111441
24155 59953 26788 64725 71991 41653 60426 31110 9835 39450 22561 84653 19905

# Instance 945
13 5 16 120365
69772 38338 36433 60999 11370 12680 98313 84667 82027 9372 59366 14160 24328

# Instance 946
14 5 4 33
25 10 15 4 4 18 2 4 2 19 27 26 5 4

# Instance 947
14 5 4 36
8 13 4 20 12 4 25 16 10 19 1 18 10 20

# Instance 948
14 5 4 37
11 14 8 5 31 28 32 1 12 8 5 9 20 1

# Instance 949
14 5 4 32
20 20 6 23 18 4 11 10 3 1 9 9 1 25

# Instance 950
14 5 4 37
8 19 27 21 10 9 1 27 2 3 15 7 5 31

# Instance 951
14 5 8 621
394 40 614 49 236 2 336 110 581 189 182 117 5 250

# Instance 952
14 5 8 462
16 159 212 91 424 13 312 22 150 11 237 360 109 194

# Instance 953
14 5 8 611
370 79 133 227 4 21 52 15 241 575 363 196 474 305

# Instance 954
14 5 8 638
250 326 62 402 477 586 161 185 48 4 32 336 270 51

# Instance 955
14 5 8 647
393 233 488 59 489 13 45 118 634 369 208 46 40 100

# Instance 956
14 5 16 146742
66116 7071 3675 10100 143124 129948 129844 10167 80626 6731 508 135996 3110 6694

# Instance 957
14 5 16 133874
1983 1979 113422 101753 32121 34166 20108 5159 15293 124316 79600 7575 130210 1685

# Instance 958
14 5 16 154221
43744 29432 47036 15122 35766 52828 55041 49906 74711 52144 71961 126388 12711 104315

# Instance 959
14 5 16 177993
65545 28061 31856 84387 149819 1348 115552 169402 46352 17713 10461 131641 7243 30585

# Instance 960
14 5 16 161172
100825 63106 36452 6579 79654 81003 15089 35668 33072 139504 515 61614 125504 27275

# Instance 961
15 5 4 34
16 12 11 26 13 16 4 20 5 2 2 4 2 27 10

# Instance 962
15 5 4 37
14 16 11 10 8 31 4 2 27 11 9 1 15 8 18

# Instance 963
15 5 4 45
7 3 2 9 38 23 4 32 13 22 40 5 15 10 2

# Instance 964
15 5 4 33
26 1 4 5 4 26 27 28 2 25 4 2 2 6 3

# Instance 965
15 5 4 32
7 1 16 10 19 5 24 22 8 17 8 12 4 2 5

# Instance 966
15 5 8 412
91 255 62 57 18 109 138 303 53 390 4 241 221 18 100

# Instance 967
15 5 8 538
222 8 459 122 68 30 196 220 236 189 182 11 134 272 341

# Instance 968
15 5 8 679
14 251 175 356 168 279 171 175 149 309 344 491 336 13 164

# Instance 969
15 5 8 732
162 43 489 58 52 466 415 157 546 29 208 274 229 81 451

# Instance 970
15 5 8 575
288 23 382 76 54 88 255 303 184 297 6 339 117 281 182

# Instance 971
15 5 16 113131
108123 71508 303 8547 4698 23850 44398 44883 97 107849 4911 1854 36925 104281 3428

# Instance 972
15 5 16 125897
16995 268 88761 69684 13634 49979 46568 111995 95394 11292 18773 11730 29350 25844 39218

# Instance 973
15 5 16 127058
33520 122662 25641 53857 2975 21006 14440 36922 47560 43397 64831 41221 1421 46739 79098

# Instance 974
15 5 16 107421
23551 64277 17726 70084 15733 35150 26240 35295 39364 54632 19593 2042 41817 37056 54545

# Instance 975
15 5 16 120043
76918 9376 96214 9780 2687 2048 2846 18775 34713 32621 24350 85374 100887 20983 82643

# Instance 976
16 5 4 33
28 8 2 29 2 13 4 25 21 14 1 4 4 1 6 3

# Instance 977
16 5 4 49
34 9 4 23 22 7 13 4 36 7 10 17 40 6 8 5

# Instance 978
16 5 4 26
1 17 5 8 2 19 22 7 2 8 5 2 5 2 24 1

# Instance 979
16 5 4 30
10 3 10 3 21 4 19 1 5 17 8 12 1 8 7 21

# Instance 980
16 5 4 30
9 17 16 6 6 8 8 7 5 3 15 18 15 8 6 3

# Instance 981
16 5 8 558
245 174 139 40 147 7 380 36 139 272 66 396 87 122 105 435

# Instance 982
16 5 8 776
407 40 3 477 124 655 314 213 156 245 81 162 457 51 157 338

# Instance 983
16 5 8 443
9 218 122 55 131 117 352 7 33 288 145 305 150 75 27 181

# Instance 984
16 5 8 754
111 40 635 541 18 1 168 444 142 52 241 212 61 559 143 402

# Instance 985
16 5 8 709
240 486 54 85 198 521 377 105 317 640 92 103 182 15 12 118

# Instance 986
16 5 16 162204
86811 107831 125866 26829 18001 7492 2114 18337 18586 40923 54048 81327 49315 21818 119167 32555

# Instance 987
16 5 16 144562
96341 4149 92371 184 143007 123130 42236 5985 25923 1371 74350 24063 26268 15112 42000 6320

# Instance 988
16 5 16 192933
28763 39915 65034 37291 18048 34033 31727 103561 34235 129935 33143 52132 121291 137025 75767 22765

# Instance 989
16 5 16 198613
63336 576 119207 154778 30754 154585 12374 56234 13081 31654 91040 79043 4259 74571 1140 106433

# Instance 990
16 5 16 178858
24122 10454 6680 11486 135332 129073 45185 18983 6280 124491 102675 29115 25252 65729 127393 32040

# Instance 991
17 5 4 32
9 3 2 2 24 10 19 29 16 1 4 2 9 6 21 1 2

# Instance 992
17 5 4 49
15 1 13 12 4 8 29 1 44 16 10 4 6 20 10 23 29

# Instance 993
17 5 4 31
2 4 27 12 3 8 9 21 1 8 5 7 16 1 18 12 1

# Instance 994
17 5 4 39
7 2 5 12 18 2 4 33 1 1 9 32 4 4 28 1 32

# Instance 995
17 5 4 45
9 35 33 41 10 2 1 22 1 5 10 10 30 1 1 1 13

# Instance 996
17 5 8 827
493 204 39 16 366 130 502 780 3 262 170 275 709 42 2 63 79

# Instance 997
17 5 8 573
137 61 51 207 279 87 5 172 373 285 229 435 20 8 282 233 1

# Instance 998
17 5 8 537
356 6 139 58 24 230 201 204 241 204 275 35 71 272 194 14 161

# Instance 999
17 5 8 746
191 15 334 59 445 90 362 21 655 704 136 261 27 276 103 11 40

# Instance 1000
17 5 8 517
14 320 8 1 29 170 318 149 19 415 1 50 35 515 14 38 489

# Instance 1001
17 5 16 138400
1634 52362 6033 79048 8494 21781 69349 121024 38776 189 102113 31203 80005 26348 15742 9939 27960

# Instance 1002
17 5 16 153505
75227 24764 19566 7430 26622 14362 16572 77 35387 94689 117367 15806 98520 153359 27085 40623 69

# Instance 1003
17 5 16 153309
36779 15165 40688 10034 46137 45429 11257 49794 2412 44547 95044 18986 132018 99770 43639 3745 71101

# Instance 1004
17 5 16 170944
48582 16272 107581 51023 57713 103925 83958 1896 32713 18680 58978 15996 5505 104194 30650 93286 23768

# Instance 1005
17 5 16 183610
2150 28893 15110 26578 95338 94673 56646 30842 73162 1945 23834 77193 121725 88579 36440 133198 11744

# Instance 1006
18 5 4 31
22 27 3 4 1 8 3 19 8 19 1 7 20 5 1 3 1 3

# Instance 1007
18 5 4 38
6 6 1 9 24 14 6 1 11 21 12 10 20 1 2 4 35 7

# Instance 1008
18 5 4 55
7 2 2 29 2 12 8 14 47 1 5 14 1 10 50 26 27 18

# Instance 1009
18 5 4 32
27 4 16 4 1 11 4 6 23 1 12 1 4 2 2 3 24 15

# Instance 1010
18 5 4 51
1 23 4 36 22 14 11 7 13 15 1 1 10 30 4 2 42 19

# Instance 1011
18 5 8 674
86 494 582 30 33 83 386 42 455 17 466 11 94 178 193 66 142 12

# Instance 1012
18 5 8 713
309 29 528 6 54 560 350 51 2 669 235 33 73 11 74 177 378 26

# Instance 1013
18 5 8 576
31 395 115 146 284 52 79 164 34 257 390 189 359 130 129 6 104 16

# Instance 1014
18 5 8 590
165 428 74 72 225 40 59 235 103 190 8 68 477 253 385 81 37 50

# Instance 1015
18 5 8 704
378 74 6 593 37 613 429 37 41 40 48 211 64 379 178 3 278 111

# Instance 1016
18 5 16 191148
88427 76837 7687 27765 49089 43501 76038 84751 61843 18997 26786 7686 27235 36867 120412 38436 80916 82467

# Instance 1017
18 5 16 153185
21470 30264 67494 1702 55758 87328 44633 79078 50078 2716 41797 21755 23143 99778 740 4911 89633 43647

# Instance 1018
18 5 16 118078
73166 26172 56780 7107 58523 68206 105387 5842 18740 63120 4015 45101 42132 3998 2775 462 633 8231

# Instance 1019
18 5 16 156351
8110 136810 18643 26916 17166 29111 33371 63117 34612 8905 2375 55218 40257 35851 1501 113369 54566 101857

# Instance 1020
18 5 16 215880
16524 366 6399 3882 13067 11464 55132 189786 19647 151693 5360 1563 5959 189075 2532 8689 193701 204561

# Instance 1021
19 5 4 42
27 2 21 4 11 8 4 16 7 8 13 21 26 9 1 5 1 11 15

# Instance 1022
19 5 4 46
17 1 14 11 1 2 13 15 10 42 25 6 22 7 4 3 4 2 31

# Instance 1023
19 5 4 46
3 36 4 11 12 8 8 1 1 41 2 18 1 1 33 4 8 33 5

# Instance 1024
19 5 4 36
5 16 1 12 17 22 3 18 9 1 7 15 13 1 4 5 17 11 3

# Instance 1025
19 5 4 41
2 4 18 7 2 22 18 1 37 24 10 1 4 23 4 12 1 1 14

# Instance 1026
19 5 8 636
334 133 144 6 34 101 24 112 331 25 59 153 15 118 37 145 459 430 520

# Instance 1027
19 5 8 946
382 688 362 40 76 11 5 308 38 172 792 231 432 18 342 25 242 38 528

# Instance 1028
19 5 8 774
378 12 15 150 11 33 676 70 37 168 2 664 521 191 41 42 425 96 338

# Instance 1029
19 5 8 719
28 92 231 530 229 72 271 68 380 36 102 12 12 497 191 149 19 130 546

# Instance 1030
19 5 8 651
5 498 36 98 18 23 157 146 134 294 474 362 95 458 262 34 68 2 91

# Instance 1031
19 5 16 197773
111085 8885 41859 164913 158028 3488 3412 30860 163440 913 15798 136134 1874 44775 27574 29932 32138 9775 3982

# Instance 1032
19 5 16 197501
7635 38508 10333 48814 136817 6269 78832 7033 20860 105367 72912 165016 118752 10934 5890 29307 11870 97839 14517

# Instance 1033
19 5 16 201614
82582 88922 13539 101092 38370 18465 22635 6170 53801 84762 125598 40336 28480 41334 132034 40326 56307 17557 15760

# Instance 1034
19 5 16 201741
31136 6824 7595 2273 163781 39830 39443 9592 113429 152695 6415 39178 78728 142573 3169 10133 14806 108716 38389

# Instance 1035
19 5 16 166749
290 140210 971 24255 22645 898 165488 1892 2201 91682 11604 495 164997 20404 83 359 54864 61571 68836

# Instance 1036
20 5 4 46
21 5 4 3 12 5 38 8 10 24 1 6 32 7 1 17 7 13 4 12

# Instance 1037
20 5 4 52
14 1 11 5 35 13 40 12 1 37 26 3 1 6 2 18 5 15 13 2

# Instance 1038
20 5 4 33
1 1 21 5 14 2 11 2 18 2 2 3 3 28 5 27 2 9 2 7

# Instance 1039
20 5 4 62
1 1 15 25 18 20 15 38 4 6 30 25 1 25 15 16 6 4 42 3

# Instance 1040
20 5 4 37
1 2 9 7 1 5 17 1 4 1 24 23 33 6 2 8 33 2 3 3

# Instance 1041
20 5 8 721
123 244 38 24 390 71 135 83 401 179 14 51 14 398 145 452 29 104 655 55

# Instance 1042
20 5 8 865
40 2 25 610 692 675 815 74 45 116 377 76 52 23 109 39 12 94 328 121

# Instance 1043
20 5 8 518
12 12 160 182 291 38 35 189 46 14 182 129 423 33 284 54 78 27 131 270

# Instance 1044
20 5 8 886
289 136 2 252 2 81 124 172 173 9 144 770 495 353 260 31 4 123 746 264

# Instance 1045
20 5 8 890
209 24 7 126 224 299 212 125 425 74 754 49 44 137 504 686 467 3 43 38

# Instance 1046
20 5 16 192126
6069 43894 86911 41989 107 28515 163495 7412 62766 460 64 134751 191635 79841 184 85086 5828 52 200 21371

# Instance 1047
20 5 16 196156
936 28078 11305 41899 40312 2639 1241 5379 4098 15294 12108 508 99211 12141 33000 158550 156613 155532 187202 14734

# Instance 1048
20 5 16 160290
39340 72399 26247 97991 3723 18264 22224 52050 22818 24253 40820 21128 10824 125846 5356 29336 77598 87587 17120 6526

# Instance 1049
20 5 16 176781
118486 32431 10247 40288 37524 110360 1301 23463 33751 10115 19561 33510 168303 3480 9881 83363 3697 6572 14670 122902

# Instance 1050
20 5 16 149158
104162 3724 82688 30052 27183 15080 13128 1522 117226 12421 7297 89353 24215 47185 2570 11988 50264 93263 4109 8360

