# Instance 1
2 2 4 2
1 2

# Instance 2
2 2 4 14
14 11

# Instance 3
2 2 4 13
6 13

# Instance 4
2 2 4 15
14 15

# Instance 5
2 2 4 14
10 14

# Instance 6
2 2 8 90
90 19

# Instance 7
2 2 8 231
206 231

# Instance 8
2 2 8 82
82 37

# Instance 9
2 2 8 115
115 11

# Instance 10
2 2 8 42
42 2

# Instance 11
2 2 16 34218
4564 34218

# Instance 12
2 2 16 8695
8695 425

# Instance 13
2 2 16 30905
30905 6535

# Instance 14
2 2 16 24183
19184 24183

# Instance 15
2 2 16 37133
37133 18207

# Instance 16
3 2 4 15
12 4 11

# Instance 17
3 2 4 6
6 2 3

# Instance 18
3 2 4 20
12 8 14

# Instance 19
3 2 4 12
5 12 7

# Instance 20
3 2 4 11
3 11 8

# Instance 21
3 2 8 253
253 114 46

# Instance 22
3 2 8 253
113 172 140

# Instance 23
3 2 8 184
174 70 114

# Instance 24
3 2 8 237
133 122 115

# Instance 25
3 2 8 137
51 137 41

# Instance 26
3 2 16 58587
58587 3363 30961

# Instance 27
3 2 16 58531
58531 38025 393

# Instance 28
3 2 16 61427
16990 60048 44437

# Instance 29
3 2 16 58745
40657 58745 9618

# Instance 30
3 2 16 51729
28557 23172 43260

# Instance 31
4 2 4 15
9 1 9 6

# Instance 32
4 2 4 17
9 8 2 12

# Instance 33
4 2 4 20
6 13 8 12

# Instance 34
4 2 4 15
12 5 6 4

# Instance 35
4 2 4 21
14 7 10 9

# Instance 36
4 2 8 406
221 211 195 168

# Instance 37
4 2 8 220
170 89 50 123

# Instance 38
4 2 8 266
255 169 11 94

# Instance 39
4 2 8 368
224 144 159 198

# Instance 40
4 2 8 340
44 120 220 234

# Instance 41
4 2 16 54206
40678 26640 27566 6595

# Instance 42
4 2 16 54053
43442 16442 10611 33631

# Instance 43
4 2 16 91747
51302 48797 42950 18031

# Instance 44
4 2 16 47520
12794 24176 45376 10550

# Instance 45
4 2 16 102242
2144 65484 51230 51012

# Instance 46
5 2 4 17
13 8 1 4 6

# Instance 47
5 2 4 15
10 3 1 2 14

# Instance 48
5 2 4 26
15 5 13 11 7

# Instance 49
5 2 4 26
12 14 10 1 15

# Instance 50
5 2 4 22
8 10 7 4 14

# Instance 51
5 2 8 463
222 195 201 64 241

# Instance 52
5 2 8 362
120 175 83 187 146

# Instance 53
5 2 8 291
29 191 76 100 177

# Instance 54
5 2 8 297
23 161 249 119 25

# Instance 55
5 2 8 380
99 251 200 180 9

# Instance 56
5 2 16 114946
35071 64678 36709 43166 47276

# Instance 57
5 2 16 76450
6122 26105 38002 35216 44223

# Instance 58
5 2 16 45552
22687 3336 23093 19529 19594

# Instance 59
5 2 16 109260
51823 62509 53696 38521 8230

# Instance 60
5 2 16 108202
43501 58926 17690 27576 64701

# Instance 61
6 2 4 27
5 3 12 11 13 10

# Instance 62
6 2 4 25
2 10 6 10 10 9

# Instance 63
6 2 4 27
14 13 6 10 9 2

# Instance 64
6 2 4 21
6 3 9 9 9 6

# Instance 65
6 2 4 27
2 13 13 8 12 6

# Instance 66
6 2 8 349
202 89 232 42 103 28

# Instance 67
6 2 8 460
214 72 195 147 193 85

# Instance 68
6 2 8 518
212 206 253 227 59 78

# Instance 69
6 2 8 286
12 94 11 198 137 88

# Instance 70
6 2 8 349
233 64 40 115 179 66

# Instance 71
6 2 16 54677
8426 33752 7894 26308 25281 4605

# Instance 72
6 2 16 79655
4466 5544 13057 41652 45929 38003

# Instance 73
6 2 16 99780
12511 36463 29078 23022 64247 29494

# Instance 74
6 2 16 57975
8626 31194 26603 32162 14965 2222

# Instance 75
6 2 16 131820
57714 18999 31115 51382 55381 45324

# Instance 76
7 2 4 32
10 13 10 2 8 11 10

# Instance 77
7 2 4 29
9 7 8 3 8 12 10

# Instance 78
7 2 4 29
2 14 6 4 13 8 10

# Instance 79
7 2 4 32
5 14 14 7 15 3 5

# Instance 80
7 2 4 31
12 4 8 11 9 9 8

# Instance 81
7 2 8 412
45 168 141 226 103 90 47

# Instance 82
7 2 8 512
150 134 230 86 4 224 192

# Instance 83
7 2 8 355
127 229 3 106 24 185 20

# Instance 84
7 2 8 328
80 171 168 108 6 71 49

# Instance 85
7 2 8 389
6 194 7 173 174 80 136

# Instance 86
7 2 16 79099
12906 37292 20379 8522 37366 24616 13485

# Instance 87
7 2 16 77632
7855 9376 15929 354 46112 51482 23665

# Instance 88
7 2 16 94520
21645 8977 43120 3744 23378 40520 46766

# Instance 89
7 2 16 56407
590 11286 20327 40949 24794 5136 7387

# Instance 90
7 2 16 93361
6972 56157 10875 15465 12440 57123 26329

# Instance 91
8 2 4 26
9 1 4 5 6 1 14 11

# Instance 92
8 2 4 28
8 14 4 5 9 10 1 4

# Instance 93
8 2 4 40
15 8 7 9 14 15 2 9

# Instance 94
8 2 4 36
12 7 11 4 3 11 11 13

# Instance 95
8 2 4 27
4 9 1 2 4 9 15 9

# Instance 96
8 2 8 481
219 181 15 30 148 58 255 51

# Instance 97
8 2 8 664
204 216 167 129 135 102 131 241

# Instance 98
8 2 8 841
181 217 222 194 236 139 240 249

# Instance 99
8 2 8 270
64 16 51 18 165 53 128 44

# Instance 100
8 2 8 425
157 179 166 12 107 19 71 138

# Instance 101
8 2 16 97219
32254 39694 21354 23632 1639 792 29530 44959

# Instance 102
8 2 16 177312
58771 21222 64810 34999 54731 46334 34071 38136

# Instance 103
8 2 16 175822
43536 14712 53806 27022 63768 30100 59887 58626

# Instance 104
8 2 16 191353
26987 53905 57331 64414 43735 50589 26818 56615

# Instance 105
8 2 16 126553
51057 56594 16724 54475 53526 12520 2044 6032

# Instance 106
9 2 4 33
2 3 9 15 11 1 4 8 13

# Instance 107
9 2 4 40
13 4 4 13 14 7 13 2 9

# Instance 108
9 2 4 31
12 4 1 13 1 2 3 15 10

# Instance 109
9 2 4 41
11 11 4 5 1 14 14 13 9

# Instance 110
9 2 4 37
14 13 7 2 2 6 11 8 10

# Instance 111
9 2 8 500
45 161 147 245 6 99 41 101 154

# Instance 112
9 2 8 533
47 104 34 219 3 173 198 177 110

# Instance 113
9 2 8 688
12 229 238 184 86 186 202 95 141

# Instance 114
9 2 8 641
223 181 122 71 148 91 209 222 12

# Instance 115
9 2 8 569
93 243 2 183 90 176 74 124 150

# Instance 116
9 2 16 161553
41806 37632 20368 62802 26491 19313 62826 20246 31161

# Instance 117
9 2 16 175945
18258 52140 58135 37604 48824 37377 10345 28657 59685

# Instance 118
9 2 16 127048
5021 5924 54074 22389 19522 54340 20118 55876 14834

# Instance 119
9 2 16 180186
56862 25279 61500 6189 56872 19786 55902 54762 22357

# Instance 120
9 2 16 139481
15572 10156 42538 28432 49734 43624 30722 12061 45998

# Instance 121
10 2 4 44
14 10 14 5 3 14 15 3 4 5

# Instance 122
10 2 4 44
3 12 12 8 15 8 5 2 7 15

# Instance 123
10 2 4 50
7 13 14 5 9 10 14 12 4 12

# Instance 124
10 2 4 34
4 2 15 9 10 12 4 4 7 1

# Instance 125
10 2 4 52
3 13 11 8 13 14 10 2 15 14

# Instance 126
10 2 8 630
44 118 123 144 251 237 79 99 147 17

# Instance 127
10 2 8 706
162 154 222 29 103 217 94 154 91 184

# Instance 128
10 2 8 631
81 21 5 201 231 55 208 151 203 97

# Instance 129
10 2 8 723
177 246 163 198 233 12 119 41 19 238

# Instance 130
10 2 8 693
172 250 109 33 60 189 229 243 82 19

# Instance 131
10 2 16 96151
1391 51459 462 29141 12311 54404 448 2520 2254 37836

# Instance 132
10 2 16 210959
15774 52688 31633 58257 48076 64795 18506 51843 42095 38156

# Instance 133
10 2 16 214401
60101 60055 51464 35029 11182 36790 46698 26045 59676 40786

# Instance 134
10 2 16 169994
39262 38320 34201 22596 38919 61264 27784 53493 1589 22465

# Instance 135
10 2 16 196117
37387 46431 34772 45573 40097 18696 31264 50199 33052 54364

# Instance 136
11 2 4 41
3 2 6 12 15 2 13 1 9 14 5

# Instance 137
11 2 4 41
12 8 1 8 7 13 6 1 10 14 1

# Instance 138
11 2 4 36
2 12 6 3 2 4 15 10 4 2 12

# Instance 139
11 2 4 43
2 8 15 7 4 1 10 11 1 11 15

# Instance 140
11 2 4 55
7 8 15 10 6 1 8 14 15 15 10

# Instance 141
11 2 8 599
181 38 195 222 4 154 205 7 35 133 23

# Instance 142
11 2 8 743
129 169 40 117 248 190 75 193 195 12 116

# Instance 143
11 2 8 358
13 49 1 66 54 84 104 27 68 19 230

# Instance 144
11 2 8 658
80 195 45 110 118 237 219 85 93 132 1

# Instance 145
11 2 8 901
136 105 82 209 238 212 132 252 135 246 54

# Instance 146
11 2 16 158241
10623 11556 65263 11138 13572 18217 64545 58571 9509 644 52785

# Instance 147
11 2 16 208768
27708 57415 357 30688 59150 38346 43127 60343 46856 36708 16817

# Instance 148
11 2 16 154850
6180 59714 32342 25721 52280 20753 40785 28121 30716 6119 6792

# Instance 149
11 2 16 109344
15840 3509 14198 51464 2817 50400 5567 22337 34886 9195 8232

# Instance 150
11 2 16 230398
61779 61076 16839 61658 999 32821 59856 41599 4535 57005 62484

# Instance 151
12 2 4 44
5 9 11 3 4 4 9 11 8 7 5 11

# Instance 152
12 2 4 45
7 10 12 1 13 8 3 10 8 4 9 5

# Instance 153
12 2 4 54
9 8 12 8 2 3 12 12 12 2 15 12

# Instance 154
12 2 4 44
6 6 5 1 1 11 8 6 7 15 7 15

# Instance 155
12 2 4 41
2 8 7 6 2 6 1 14 13 9 11 2

# Instance 156
12 2 8 862
73 106 210 184 135 172 142 181 86 91 199 144

# Instance 157
12 2 8 727
146 161 163 78 173 161 42 165 50 59 220 35

# Instance 158
12 2 8 786
178 197 170 123 156 82 50 154 178 233 35 16

# Instance 159
12 2 8 792
192 145 85 93 34 233 211 79 105 252 97 57

# Instance 160
12 2 8 1006
21 168 216 239 191 74 245 181 223 133 245 76

# Instance 161
12 2 16 261895
52568 22361 50304 41352 49635 51635 64753 43186 54277 24578 46608 22464

# Instance 162
12 2 16 199804
1355 8175 38139 28907 29684 43342 49960 54630 52046 15570 51224 26371

# Instance 163
12 2 16 187240
41728 19230 16308 58347 8123 16995 15122 48507 64448 4519 16397 64683

# Instance 164
12 2 16 168113
20744 61785 1822 21844 14174 26803 55548 26883 15769 25836 24411 40556

# Instance 165
12 2 16 247089
47573 29126 8854 25902 58359 64611 46749 56811 20559 30240 40155 65168

# Instance 166
13 2 4 54
15 13 15 6 3 5 9 4 1 15 13 2 6

# Instance 167
13 2 4 55
1 2 8 10 15 9 15 15 4 8 8 1 13

# Instance 168
13 2 4 55
10 7 13 3 14 6 8 15 2 5 2 12 13

# Instance 169
13 2 4 52
5 2 15 7 4 15 2 7 12 9 12 9 5

# Instance 170
13 2 4 62
5 15 15 14 8 8 6 9 9 6 12 4 12

# Instance 171
13 2 8 823
150 149 209 90 103 30 123 140 92 98 175 210 77

# Instance 172
13 2 8 715
132 46 49 24 98 94 150 211 20 90 45 228 243

# Instance 173
13 2 8 755
254 94 75 56 104 166 96 33 181 99 115 177 60

# Instance 174
13 2 8 823
111 128 36 141 192 219 184 52 153 38 184 47 160

# Instance 175
13 2 8 728
220 51 78 42 141 96 216 95 65 2 227 220 3

# Instance 176
13 2 16 220918
9667 36076 42475 24704 47184 33901 28473 35994 14087 53629 24127 55762 35710

# Instance 177
13 2 16 221880
61228 3491 28973 49250 55321 60445 47146 32740 34209 1159 3145 26140 40473

# Instance 178
13 2 16 213823
36210 64723 36613 52468 5530 49566 24296 30241 34912 27248 44239 14322 7183

# Instance 179
13 2 16 189332
11355 7632 20194 16813 65009 54563 23477 39753 17779 41661 35047 42346 3009

# Instance 180
13 2 16 214427
31989 57652 9708 43538 16257 34173 2339 53469 51567 23958 33879 8998 61302

# Instance 181
14 2 4 43
3 6 4 9 11 15 1 3 7 3 9 1 1 13

# Instance 182
14 2 4 52
15 5 4 7 2 12 9 2 4 10 11 7 12 3

# Instance 183
14 2 4 52
10 15 1 5 10 11 5 4 12 5 5 8 5 8

# Instance 184
14 2 4 55
3 8 15 6 7 11 9 13 4 3 11 2 14 3

# Instance 185
14 2 4 65
8 13 10 10 10 13 4 5 9 2 11 11 12 11

# Instance 186
14 2 8 904
186 62 192 109 202 126 136 67 154 1 64 245 29 234

# Instance 187
14 2 8 827
167 64 69 42 44 61 95 118 83 194 135 215 152 214

# Instance 188
14 2 8 998
225 207 249 184 40 250 25 18 10 245 143 59 227 114

# Instance 189
14 2 8 873
139 122 50 153 243 253 21 225 76 244 52 72 28 68

# Instance 190
14 2 8 910
10 81 63 245 227 240 22 36 42 170 85 121 229 248

# Instance 191
14 2 16 197223
21440 50874 3988 36519 31905 59171 38712 28182 27279 25044 10575 21142 35470 4131

# Instance 192
14 2 16 255358
45255 57331 49949 23073 26496 45231 35094 25380 26847 23603 52477 8554 55316 36102

# Instance 193
14 2 16 217287
7671 55013 18652 38906 10682 26506 25035 56698 55515 15682 41530 21832 55142 5709

# Instance 194
14 2 16 225887
38472 39138 4496 58669 50083 16254 30494 38601 32664 46613 22861 21621 51433 372

# Instance 195
14 2 16 265185
23447 14636 31523 28624 56033 64965 23456 63799 24720 43471 55523 29253 55297 15576

# Instance 196
15 2 4 63
6 9 5 13 12 10 2 5 3 10 8 14 8 13 8

# Instance 197
15 2 4 48
12 11 13 4 5 2 10 11 2 5 1 2 8 3 6

# Instance 198
15 2 4 55
10 8 11 3 8 13 3 1 11 8 3 8 2 6 15

# Instance 199
15 2 4 77
12 15 11 14 8 11 9 12 5 9 10 14 10 10 4

# Instance 200
15 2 4 68
13 10 5 11 6 3 14 2 15 10 11 13 5 6 11

# Instance 201
15 2 8 1054
245 215 209 73 67 71 162 208 196 110 68 174 69 189 51

# Instance 202
15 2 8 824
207 102 25 39 124 114 95 77 252 52 46 31 190 77 217

# Instance 203
15 2 8 882
113 189 64 233 182 143 176 118 90 48 96 153 49 80 30

# Instance 204
15 2 8 1144
137 146 165 66 110 167 109 172 189 208 235 225 67 86 206

# Instance 205
15 2 8 815
145 84 127 10 126 84 241 117 106 128 72 76 202 84 27

# Instance 206
15 2 16 161105
4068 49099 52298 38132 2491 2861 30636 37910 9907 45248 5774 3644 29756 5128 5233

# Instance 207
15 2 16 264499
45577 18707 54705 16145 41997 15596 43368 29609 19863 25006 11835 53667 55299 46852 50770

# Instance 208
15 2 16 241619
24186 28619 53976 26008 34939 27049 44108 29983 33602 47119 40664 44430 2872 11113 34568

# Instance 209
15 2 16 252344
5834 12481 47582 23050 11978 36284 26895 58223 61636 43105 56418 10704 22721 54945 32829

# Instance 210
15 2 16 290004
63191 35944 65092 27630 54367 34989 55219 45215 28157 25120 5163 18014 56655 27671 37558

# Instance 211
16 2 4 66
5 13 14 4 10 4 5 13 6 11 6 11 8 5 3 13

# Instance 212
16 2 4 53
9 9 10 7 13 2 1 14 2 7 5 6 3 1 8 9

# Instance 213
16 2 4 55
3 6 8 1 9 5 7 9 5 8 13 14 2 10 1 8

# Instance 214
16 2 4 55
1 6 13 15 15 10 6 4 2 6 2 3 6 8 4 8

# Instance 215
16 2 4 66
2 2 5 10 14 6 13 8 11 12 12 15 2 1 10 9

# Instance 216
16 2 8 1082
143 201 223 74 217 84 216 122 27 127 12 247 8 162 104 196

# Instance 217
16 2 8 930
73 207 239 27 203 174 107 9 221 68 104 8 191 195 10 23

# Instance 218
16 2 8 1080
28 221 201 240 178 154 147 64 220 140 116 142 106 64 70 69

# Instance 219
16 2 8 1023
242 29 3 171 247 34 200 60 171 81 94 221 153 196 102 42

# Instance 220
16 2 8 1089
31 183 61 124 155 160 137 59 234 144 122 192 1 113 229 232

# Instance 221
16 2 16 287092
39067 49627 269 10095 40575 62748 33053 15109 59460 15236 34585 30342 59395 29904 46982 47722

# Instance 222
16 2 16 286937
25495 10316 59752 64793 6578 33749 22918 60200 65406 30759 43420 7793 56800 6036 53442 26415

# Instance 223
16 2 16 262704
46309 58454 36747 48873 15415 2316 29298 53287 59805 59899 22958 20575 30195 21127 15685 4464

# Instance 224
16 2 16 197330
21694 22185 23025 62665 40230 33788 15821 1886 22627 5092 42051 50325 27591 1808 13658 10200

# Instance 225
16 2 16 268310
61904 49310 5325 41125 5557 31585 54825 38336 45231 826 30247 62043 29310 63027 17267 683

# Instance 226
17 2 4 52
3 2 2 13 6 15 6 1 5 3 10 1 15 3 9 3 7

# Instance 227
17 2 4 57
11 3 2 2 6 5 11 3 4 7 15 2 10 11 12 7 2

# Instance 228
17 2 4 72
11 10 2 1 15 2 2 13 12 15 1 13 12 8 14 4 9

# Instance 229
17 2 4 71
10 12 5 7 6 13 3 8 10 14 3 10 3 12 15 3 7

# Instance 230
17 2 4 77
5 13 10 10 12 15 15 8 12 15 13 2 1 10 6 1 6

# Instance 231
17 2 8 1081
169 10 249 245 183 253 39 248 36 34 53 62 54 10 77 188 251

# Instance 232
17 2 8 1532
212 205 201 109 223 221 216 121 206 200 235 115 209 205 171 114 101

# Instance 233
17 2 8 877
20 136 7 46 193 110 129 52 190 94 138 167 123 178 87 76 7

# Instance 234
17 2 8 1087
107 146 248 253 213 2 217 27 53 79 244 137 5 74 68 245 55

# Instance 235
17 2 8 984
62 114 57 105 151 38 98 139 183 151 28 128 128 235 221 94 36

# Instance 236
17 2 16 287150
53744 25212 62589 4596 50834 19650 15328 63779 25919 13565 47130 34557 14647 30506 30756 35075 46408

# Instance 237
17 2 16 281128
54490 3674 36385 29253 59464 5551 38489 5400 17416 21384 36609 40540 35136 45742 63655 30022 39046

# Instance 238
17 2 16 325081
5833 51038 11248 27453 59332 37376 7214 39851 61546 52180 29082 31299 24773 46783 53973 62046 49127

# Instance 239
17 2 16 239283
64587 44034 35042 46116 4963 13806 59 24986 3837 51632 37480 58733 2578 23087 29212 7886 30521

# Instance 240
17 2 16 326883
7636 21151 53391 22691 56997 3333 59806 49774 55415 10256 27542 34994 65117 45612 34907 55426 49709

# Instance 241
18 2 4 77
1 7 10 12 9 9 8 12 7 12 5 13 4 9 5 10 10 11

# Instance 242
18 2 4 77
15 9 3 7 12 15 10 4 7 14 7 2 4 7 15 3 4 15

# Instance 243
18 2 4 51
1 4 1 3 3 14 4 11 8 4 1 10 6 4 2 9 7 9

# Instance 244
18 2 4 85
3 13 14 10 8 3 11 3 13 7 12 10 4 9 10 13 14 13

# Instance 245
18 2 4 60
8 4 8 4 6 7 7 6 1 10 5 13 4 7 9 1 14 5

# Instance 246
18 2 8 1286
49 221 196 107 47 179 159 200 33 153 174 119 153 208 173 154 96 150

# Instance 247
18 2 8 981
109 11 248 4 185 31 161 255 167 66 48 223 32 138 9 57 160 58

# Instance 248
18 2 8 1316
212 34 8 142 157 175 32 183 42 83 141 224 234 219 232 68 235 211

# Instance 249
18 2 8 1018
69 240 57 65 218 116 105 12 10 38 182 16 133 192 220 139 20 204

# Instance 250
18 2 8 1091
141 240 208 68 86 14 47 204 102 155 190 109 1 58 71 76 232 179

# Instance 251
18 2 16 232238
24049 34530 31418 27927 43450 13461 2676 4391 8648 18299 44186 3801 40415 45570 49222 10929 61187 315

# Instance 252
18 2 16 406490
19760 2157 57130 61895 60057 62736 51174 35757 52232 59642 2285 53265 61362 40334 64339 31438 63572 33843

# Instance 253
18 2 16 377363
59205 19690 65225 7269 43827 9363 40716 61428 41825 9084 59098 4753 56411 61789 57053 30735 64764 62490

# Instance 254
18 2 16 298514
58817 34545 49585 10048 24543 61830 55558 30948 27796 58320 5831 64095 43322 1371 23820 19202 19347 8049

# Instance 255
18 2 16 289327
51468 16935 4426 25984 22724 31080 3116 53477 57839 59762 38366 63685 14705 20935 10555 8631 43944 51021

# Instance 256
19 2 4 86
8 11 5 9 7 1 15 3 15 8 14 13 7 10 7 11 8 13 7

# Instance 257
19 2 4 74
4 9 11 8 2 12 4 3 15 13 8 13 4 3 6 6 6 9 11

# Instance 258
19 2 4 80
11 14 6 12 3 9 14 12 4 7 11 4 3 6 2 4 13 15 9

# Instance 259
19 2 4 72
2 9 5 15 12 3 8 2 11 3 15 11 5 5 13 5 11 2 7

# Instance 260
19 2 4 72
4 6 1 15 11 13 12 10 2 12 10 2 11 7 5 4 10 1 7

# Instance 261
19 2 8 1206
161 211 5 124 254 95 116 102 9 239 215 126 237 23 130 73 49 175 67

# Instance 262
19 2 8 1406
130 195 203 236 131 219 210 13 97 180 187 96 92 234 31 88 229 94 147

# Instance 263
19 2 8 1264
232 23 247 57 217 70 172 179 69 160 28 179 92 50 242 67 145 134 165

# Instance 264
19 2 8 1183
133 248 79 45 138 8 201 200 145 82 13 145 137 242 47 162 179 90 72

# Instance 265
19 2 8 1282
246 5 20 147 138 5 77 79 123 157 200 236 122 206 183 207 145 19 248

# Instance 266
19 2 16 246228
30433 11053 34818 2797 47272 41694 61704 48050 27991 510 7434 5151 14707 6727 51475 14463 32700 48079 5398

# Instance 267
19 2 16 301669
10181 49991 40884 28466 45665 34574 53753 54662 12046 18479 30861 23016 45757 30044 24737 15870 2737 56412 25201

# Instance 268
19 2 16 248647
33921 33741 28305 14756 4381 22510 19103 13196 65088 27399 20529 3309 44714 27117 27646 4647 21106 59969 25857

# Instance 269
19 2 16 373233
16811 64245 60356 40149 14682 37133 27743 14917 28539 62468 23472 57797 32118 62569 63356 32454 50375 15684 41598

# Instance 270
19 2 16 339383
51777 45178 49616 23586 58451 43058 30076 20316 39086 63570 10321 563 57669 23236 41694 1059 36978 42774 39756

# Instance 271
20 2 4 74
2 12 2 5 5 12 8 13 3 8 4 15 6 10 8 1 10 5 15 4

# Instance 272
20 2 4 87
5 15 15 13 11 7 15 13 2 1 10 13 4 3 3 11 3 13 10 7

# Instance 273
20 2 4 76
2 9 5 7 6 1 3 11 6 1 5 15 1 15 9 6 15 10 15 10

# Instance 274
20 2 4 75
8 11 13 13 1 7 9 7 1 4 1 13 7 5 15 12 3 10 8 2

# Instance 275
20 2 4 81
5 10 9 10 11 12 12 12 1 1 7 4 14 7 7 6 7 7 4 15

# Instance 276
20 2 8 1241
64 104 177 249 192 180 199 2 101 16 7 82 189 21 221 234 71 254 21 97

# Instance 277
20 2 8 1375
238 220 214 34 254 83 132 149 164 151 38 74 230 134 200 54 107 30 20 223

# Instance 278
20 2 8 1138
71 178 196 179 45 102 61 125 9 40 237 103 75 174 108 159 152 200 41 20

# Instance 279
20 2 8 1010
135 168 160 37 82 190 94 76 1 70 85 163 44 146 30 118 74 141 148 58

# Instance 280
20 2 8 1149
116 31 50 172 217 75 177 231 98 151 213 97 143 10 161 69 32 99 21 134

# Instance 281
20 2 16 378165
6253 26704 28414 37691 45006 38395 52065 65054 34491 41860 55242 52758 16663 31661 14130 61808 1441 62313 19059 65321

# Instance 282
20 2 16 251940
53531 5679 35320 47800 42639 32963 23335 22844 36405 5781 16318 17699 38773 9240 10624 22103 36687 18808 18130 9200

# Instance 283
20 2 16 286726
35799 54106 6440 53552 4249 16056 38188 35580 29271 34643 6131 19813 50007 45477 48931 18674 3753 18892 2712 51177

# Instance 284
20 2 16 403351
5857 30681 48177 49099 42870 14893 42561 62199 58872 38451 26435 25337 19801 48210 56976 42035 58361 30205 48044 57638

# Instance 285
20 2 16 331196
38409 1345 40051 39204 7128 46070 61590 24524 38517 38476 50546 31705 64846 42981 14138 17218 7585 4501 61456 32102

# Instance 286
3 3 4 9
5 7 9

# Instance 287
3 3 4 13
10 6 13

# Instance 288
3 3 4 13
6 13 10

# Instance 289
3 3 4 12
12 9 11

# Instance 290
3 3 4 11
6 11 5

# Instance 291
3 3 8 230
172 73 230

# Instance 292
3 3 8 158
158 57 118

# Instance 293
3 3 8 201
111 36 201

# Instance 294
3 3 8 169
151 40 169

# Instance 295
3 3 8 221
221 118 75

# Instance 296
3 3 16 40717
9972 40717 24302

# Instance 297
3 3 16 59551
16506 37992 59551

# Instance 298
3 3 16 53739
25471 53739 11798

# Instance 299
3 3 16 60091
34923 31133 60091

# Instance 300
3 3 16 65531
50962 51637 65531

# Instance 301
4 3 4 15
15 2 11 12

# Instance 302
4 3 4 9
9 9 2 5

# Instance 303
4 3 4 15
12 12 15 3

# Instance 304
4 3 4 11
1 11 3 11

# Instance 305
4 3 4 11
11 10 4 6

# Instance 306
4 3 8 427
201 226 244 239

# Instance 307
4 3 8 212
30 212 100 166

# Instance 308
4 3 8 292
156 166 169 136

# Instance 309
4 3 8 197
129 46 197 29

# Instance 310
4 3 8 199
124 75 174 190

# Instance 311
4 3 16 65732
38457 27275 43954 65442

# Instance 312
4 3 16 55987
55987 28696 39908 20385

# Instance 313
4 3 16 45557
45557 11437 29918 36591

# Instance 314
4 3 16 78945
54810 27962 63492 50983

# Instance 315
4 3 16 64071
6033 50372 64071 28910

# Instance 316
5 3 4 15
5 7 8 12 9

# Instance 317
5 3 4 19
15 5 9 5 14

# Instance 318
5 3 4 23
15 10 9 12 14

# Instance 319
5 3 4 15
1 9 12 11 6

# Instance 320
5 3 4 13
5 5 2 13 1

# Instance 321
5 3 8 361
216 72 241 145 249

# Instance 322
5 3 8 209
177 101 12 209 71

# Instance 323
5 3 8 220
151 25 84 7 220

# Instance 324
5 3 8 203
56 48 136 203 39

# Instance 325
5 3 8 234
40 101 182 184 133

# Instance 326
5 3 16 38465
20210 1525 30032 38465 9413

# Instance 327
5 3 16 79065
44493 43746 49025 17448 35319

# Instance 328
5 3 16 57989
9441 22622 39285 37060 35367

# Instance 329
5 3 16 51165
16149 42342 51165 14359 11675

# Instance 330
5 3 16 63103
37214 13830 15899 1123 63103

# Instance 331
6 3 4 24
2 14 11 10 14 11

# Instance 332
6 3 4 12
6 6 1 11 6 1

# Instance 333
6 3 4 12
1 5 7 9 10 2

# Instance 334
6 3 4 13
1 4 2 13 3 2

# Instance 335
6 3 4 15
14 12 8 4 2 3

# Instance 336
6 3 8 309
199 129 124 110 211 29

# Instance 337
6 3 8 329
213 165 75 107 164 246

# Instance 338
6 3 8 222
222 67 108 4 160 22

# Instance 339
6 3 8 356
229 157 178 131 187 127

# Instance 340
6 3 8 395
205 156 189 248 108 239

# Instance 341
6 3 16 80760
44183 53536 14704 43266 27008 37494

# Instance 342
6 3 16 83013
32258 38426 25713 29998 31266 57300

# Instance 343
6 3 16 78864
40054 19833 36278 18977 65345 40099

# Instance 344
6 3 16 69210
39449 43996 55886 4578 29761 14317

# Instance 345
6 3 16 63954
8618 43328 31931 24155 20626 49260

# Instance 346
7 3 4 16
11 1 1 7 7 15 5

# Instance 347
7 3 4 17
15 4 3 10 9 8 1

# Instance 348
7 3 4 16
14 6 5 1 13 3 3

# Instance 349
7 3 4 23
9 11 6 10 7 9 14

# Instance 350
7 3 4 25
9 8 11 10 7 12 15

# Instance 351
7 3 8 333
156 126 152 1 193 101 232

# Instance 352
7 3 8 356
193 52 197 57 208 163 10

# Instance 353
7 3 8 270
241 61 122 25 69 209 64

# Instance 354
7 3 8 307
211 131 123 30 66 212 96

# Instance 355
7 3 8 427
198 165 75 204 187 223 196

# Instance 356
7 3 16 78267
54467 46523 37990 26234 9782 14018 33864

# Instance 357
7 3 16 64612
14569 6444 29391 45784 35221 2822 53751

# Instance 358
7 3 16 96870
53331 13671 39417 45536 56162 51334 2434

# Instance 359
7 3 16 75609
13535 10673 45457 30152 35782 17472 62076

# Instance 360
7 3 16 77815
8469 24627 44099 28137 25135 44931 53188

# Instance 361
8 3 4 22
7 11 2 12 8 14 7 4

# Instance 362
8 3 4 31
8 14 11 15 10 12 10 11

# Instance 363
8 3 4 24
15 4 6 3 6 15 9 13

# Instance 364
8 3 4 24
1 7 9 8 12 15 8 9

# Instance 365
8 3 4 16
4 7 2 5 6 2 7 14

# Instance 366
8 3 8 320
69 82 174 251 177 13 139 21

# Instance 367
8 3 8 315
142 215 79 14 46 116 224 91

# Instance 368
8 3 8 310
151 91 136 7 213 102 67 152

# Instance 369
8 3 8 358
133 134 249 137 67 225 82 22

# Instance 370
8 3 8 257
231 50 62 190 6 6 69 138

# Instance 371
8 3 16 72852
48167 7509 21278 25165 2867 32900 19451 53401

# Instance 372
8 3 16 95304
23041 3935 57845 38715 65023 14090 27600 52654

# Instance 373
8 3 16 93735
63365 30536 14291 16129 60247 31532 18886 33488

# Instance 374
8 3 16 64376
24867 58918 27 5805 1812 5193 64376 1829

# Instance 375
8 3 16 99808
35936 8670 56309 50586 52407 46912 31318 13286

# Instance 376
9 3 4 27
10 15 8 3 7 11 9 5 12

# Instance 377
9 3 4 15
2 10 5 5 12 1 2 5 2

# Instance 378
9 3 4 21
5 12 11 4 7 7 4 7 4

# Instance 379
9 3 4 20
2 5 2 10 4 3 10 8 13

# Instance 380
9 3 4 28
2 7 15 2 14 4 13 10 15

# Instance 381
9 3 8 420
108 231 178 54 220 168 187 53 39

# Instance 382
9 3 8 292
61 225 143 8 110 188 20 19 86

# Instance 383
9 3 8 519
182 215 15 196 229 1 145 214 192

# Instance 384
9 3 8 356
65 92 161 195 8 217 23 73 227

# Instance 385
9 3 8 256
87 4 10 16 28 212 32 169 207

# Instance 386
9 3 16 121635
48665 33431 25520 48595 43393 53791 51237 8069 39609

# Instance 387
9 3 16 131506
50380 37617 56336 24801 17656 61488 50369 63176 27688

# Instance 388
9 3 16 99692
42948 8114 51005 39625 1983 61702 6788 47166 37990

# Instance 389
9 3 16 58335
48 26592 11025 29904 58335 5196 10302 4441 11588

# Instance 390
9 3 16 75212
61892 11544 15258 32695 21548 748 4368 56872 18340

# Instance 391
10 3 4 28
5 5 13 11 9 14 1 11 6 7

# Instance 392
10 3 4 22
2 7 4 15 12 12 7 1 2 3

# Instance 393
10 3 4 20
8 1 14 6 3 7 1 10 6 3

# Instance 394
10 3 4 25
8 14 7 3 5 4 15 4 4 11

# Instance 395
10 3 4 27
12 1 10 13 6 8 6 8 15 1

# Instance 396
10 3 8 475
210 22 237 163 247 7 91 81 169 157

# Instance 397
10 3 8 511
191 3 171 61 229 184 194 112 239 111

# Instance 398
10 3 8 363
137 131 222 17 127 93 31 143 21 151

# Instance 399
10 3 8 533
187 57 231 35 8 245 249 253 160 144

# Instance 400
10 3 8 409
48 37 92 150 65 107 222 113 192 189

# Instance 401
10 3 16 110204
10885 48623 13241 33600 46304 63368 65309 532 4638 43301

# Instance 402
10 3 16 82452
14728 180 29144 27884 4658 20313 42191 10348 62139 35202

# Instance 403
10 3 16 133028
23565 34864 14933 60192 51445 49271 43241 56511 11182 50097

# Instance 404
10 3 16 65430
19976 16801 12593 4042 22778 6057 6404 53757 18142 32861

# Instance 405
10 3 16 123839
47472 40563 61338 39059 64702 28878 37012 7691 7257 33623

# Instance 406
11 3 4 23
3 3 7 13 9 4 5 1 13 6 5

# Instance 407
11 3 4 32
3 4 11 3 13 2 13 14 10 7 15

# Instance 408
11 3 4 26
14 1 8 8 10 2 5 12 13 4 1

# Instance 409
11 3 4 30
2 10 6 12 4 8 6 8 14 12 6

# Instance 410
11 3 4 27
14 11 12 6 10 6 4 3 5 4 6

# Instance 411
11 3 8 615
253 93 240 58 211 140 156 136 231 243 81

# Instance 412
11 3 8 444
248 104 136 169 43 175 38 116 204 39 44

# Instance 413
11 3 8 560
149 242 209 164 33 127 175 235 76 160 107

# Instance 414
11 3 8 658
81 231 111 141 219 236 249 60 202 241 198

# Instance 415
11 3 8 390
147 70 170 5 99 87 89 69 4 212 215

# Instance 416
11 3 16 147765
59737 2124 10440 59230 64603 32095 24095 52665 50267 35182 51876

# Instance 417
11 3 16 109230
31609 23189 5152 42533 23673 2557 27598 21126 46547 64595 37872

# Instance 418
11 3 16 127712
12700 3022 48954 35277 47743 62499 57156 6272 3889 44692 56083

# Instance 419
11 3 16 75928
32315 13880 30983 6960 3397 24794 2949 47349 22961 39919 1144

# Instance 420
11 3 16 104149
31600 8619 6967 32148 31793 23639 2252 39685 18230 63550 53771

# Instance 421
12 3 4 33
8 13 5 4 14 8 7 6 5 13 12 2

# Instance 422
12 3 4 34
10 15 15 5 10 4 1 14 12 6 2 7

# Instance 423
12 3 4 35
13 5 14 6 7 13 2 4 15 15 3 7

# Instance 424
12 3 4 32
14 3 3 3 12 8 4 7 3 15 7 15

# Instance 425
12 3 4 31
5 3 9 6 1 13 1 11 9 10 14 9

# Instance 426
12 3 8 514
51 132 205 192 221 172 84 125 51 197 64 46

# Instance 427
12 3 8 450
96 199 230 182 19 74 167 16 8 77 111 168

# Instance 428
12 3 8 432
4 189 139 82 77 27 70 249 199 34 116 108

# Instance 429
12 3 8 476
159 75 60 183 31 167 136 169 55 53 128 207

# Instance 430
12 3 8 672
244 50 115 91 222 247 185 240 244 254 17 107

# Instance 431
12 3 16 159351
64514 20839 41591 59578 43715 15161 18759 59662 62456 9874 30791 49010

# Instance 432
12 3 16 110817
39550 15364 46724 43962 5126 31139 10462 6882 20290 27305 53183 32161

# Instance 433
12 3 16 109180
27118 37416 50487 12060 53545 8113 10985 12063 31281 52666 11477 19378

# Instance 434
12 3 16 134628
64053 35418 64557 26398 8909 10264 14374 62786 60485 5367 28461 22128

# Instance 435
12 3 16 139372
56656 61525 50123 1679 58235 54894 53 18963 18488 32676 5802 58486

# Instance 436
13 3 4 26
5 15 2 14 4 1 4 5 13 4 3 2 5

# Instance 437
13 3 4 37
13 7 15 9 10 5 2 15 15 3 7 6 2

# Instance 438
13 3 4 32
9 3 7 8 11 1 7 13 6 13 5 2 9

# Instance 439
13 3 4 30
9 1 5 9 3 8 1 3 13 8 10 10 8

# Instance 440
13 3 4 40
2 13 14 14 10 8 6 6 14 6 11 13 2

# Instance 441
13 3 8 582
224 105 131 54 50 79 181 125 79 108 117 254 237

# Instance 442
13 3 8 612
72 128 73 196 141 182 185 135 255 71 219 104 72

# Instance 443
13 3 8 571
50 41 249 74 55 186 137 202 144 82 175 135 181

# Instance 444
13 3 8 668
193 3 129 242 182 187 43 130 199 183 166 115 231

# Instance 445
13 3 8 648
216 28 76 182 2 244 163 220 142 191 176 165 136

# Instance 446
13 3 16 141646
61529 41391 39554 55732 28066 11187 45757 6244 7762 14081 58924 17042 36761

# Instance 447
13 3 16 129414
38894 50151 4238 36255 42401 18316 22438 2939 19741 40177 60947 39381 11787

# Instance 448
13 3 16 130906
52618 52837 6221 48410 55873 11750 32249 1053 32276 12822 60735 15602 9632

# Instance 449
13 3 16 162747
4885 35701 65462 2140 53903 32919 64807 50683 25479 33473 29423 65434 22460

# Instance 450
13 3 16 145955
8485 22659 43517 28927 51923 36785 40399 63005 27122 17068 10137 30194 57247

# Instance 451
14 3 4 49
7 10 15 9 4 13 11 13 11 14 5 14 15 4

# Instance 452
14 3 4 46
12 15 6 11 1 3 13 11 11 8 12 14 8 13

# Instance 453
14 3 4 39
10 8 2 15 12 3 1 11 11 4 13 8 11 7

# Instance 454
14 3 4 43
7 4 11 15 10 6 3 10 9 11 12 11 8 12

# Instance 455
14 3 4 45
5 14 14 12 13 13 2 6 12 13 2 14 8 7

# Instance 456
14 3 8 653
56 152 98 43 213 247 236 116 194 84 218 124 140 36

# Instance 457
14 3 8 766
47 139 75 110 186 208 222 198 131 238 225 197 172 149

# Instance 458
14 3 8 687
180 208 149 119 192 213 71 41 20 187 180 201 212 88

# Instance 459
14 3 8 746
206 168 173 108 236 255 222 55 136 107 210 216 99 44

# Instance 460
14 3 8 427
19 8 17 69 174 197 68 3 48 119 78 161 178 142

# Instance 461
14 3 16 147261
34549 63625 18617 35679 52317 19756 14886 59594 13610 5323 22515 38605 40213 21966

# Instance 462
14 3 16 174597
42189 40777 47221 44599 9279 58231 8590 15497 64604 9575 47907 18569 55169 61197

# Instance 463
14 3 16 148407
22201 53603 24803 26115 12301 21350 50269 8622 16511 52061 53305 56150 43363 4300

# Instance 464
14 3 16 121261
27527 36090 27454 6056 2212 58755 8069 10401 90 63123 48248 9236 11047 55236

# Instance 465
14 3 16 139629
31493 35605 54568 36409 20685 23777 17777 36930 44817 15787 2623 54635 22252 20852

# Instance 466
15 3 4 43
12 9 15 2 6 15 4 4 14 11 6 11 8 2 8

# Instance 467
15 3 4 34
5 1 9 4 3 10 15 11 8 4 14 2 2 3 11

# Instance 468
15 3 4 48
14 1 11 15 14 14 14 11 10 5 3 8 12 8 4

# Instance 469
15 3 4 48
8 15 8 4 6 11 3 14 12 4 10 14 14 10 9

# Instance 470
15 3 4 39
5 14 1 3 12 5 1 12 1 10 15 10 10 2 14

# Instance 471
15 3 8 636
83 158 22 113 82 100 5 161 138 236 54 228 227 45 254

# Instance 472
15 3 8 768
39 92 87 240 127 193 224 186 157 211 82 224 133 187 121

# Instance 473
15 3 8 682
243 94 244 111 35 213 135 235 23 53 33 224 14 165 222

# Instance 474
15 3 8 659
223 61 172 194 122 129 153 241 24 122 193 104 154 68 15

# Instance 475
15 3 8 518
81 184 20 171 23 3 255 7 73 19 157 224 54 243 40

# Instance 476
15 3 16 110472
9335 12954 95 18556 18640 22014 18239 7720 15351 53283 29084 50296 12347 36515 26726

# Instance 477
15 3 16 225339
61206 56571 46172 65464 45430 55552 56698 43883 27624 65379 14420 34487 52312 6531 44226

# Instance 478
15 3 16 154752
32631 19228 48386 55716 57365 14891 36542 35386 17119 37941 18151 47414 26902 6061 10313

# Instance 479
15 3 16 182021
47405 1784 48706 17876 6105 63185 42415 50870 26942 10510 58468 63599 40097 21163 46769

# Instance 480
15 3 16 153613
62531 27761 3261 28991 33519 19038 32675 54229 6933 51251 27213 25251 2746 52585 32618

# Instance 481
16 3 4 53
14 1 2 13 6 12 10 1 15 14 14 14 14 6 11 12

# Instance 482
16 3 4 47
11 6 8 15 14 3 10 14 2 6 11 14 8 4 10 4

# Instance 483
16 3 4 46
6 14 11 2 14 15 6 3 5 9 7 12 6 4 12 11

# Instance 484
16 3 4 32
10 8 12 4 5 1 2 10 4 7 5 9 3 6 6 4

# Instance 485
16 3 4 52
15 8 7 6 10 8 10 14 10 12 15 8 11 5 5 11

# Instance 486
16 3 8 591
25 79 74 189 30 224 161 68 53 145 156 50 248 41 191 38

# Instance 487
16 3 8 707
90 240 199 68 97 212 197 160 55 149 112 210 141 55 65 70

# Instance 488
16 3 8 535
77 165 230 197 136 99 16 114 23 43 114 42 61 16 244 28

# Instance 489
16 3 8 665
82 106 119 108 74 26 162 48 170 59 225 201 30 236 245 102

# Instance 490
16 3 8 686
51 191 7 65 254 161 12 44 251 253 22 106 24 236 145 236

# Instance 491
16 3 16 192711
43069 53512 63165 27009 27894 24777 2040 60576 38039 35791 56751 42573 44840 34723 15979 7357

# Instance 492
16 3 16 205910
62246 54131 34010 22019 16168 57554 59641 21519 22193 11200 31804 22606 38694 46345 57212 60113

# Instance 493
16 3 16 222949
33522 54701 44303 34644 52004 62137 64292 13229 17541 9460 40738 42836 27966 63853 64044 43552

# Instance 494
16 3 16 197555
18556 11200 58838 50932 19515 10375 40821 62149 14059 47462 8897 55022 46695 53244 56560 38095

# Instance 495
16 3 16 230871
44418 43137 59854 24422 23421 53248 60362 34812 37476 61437 60124 19999 65162 36543 65522 2550

# Instance 496
17 3 4 45
6 1 15 6 10 14 3 2 15 5 5 3 13 2 11 11 13

# Instance 497
17 3 4 51
7 10 14 7 15 14 4 13 5 4 5 12 10 12 2 4 15

# Instance 498
17 3 4 48
9 12 4 13 2 4 13 8 9 14 8 6 2 14 7 14 3

# Instance 499
17 3 4 43
15 8 5 5 8 11 7 3 8 11 6 2 15 2 8 9 6

# Instance 500
17 3 4 39
6 15 6 8 4 4 1 9 10 5 11 5 6 12 3 3 7

# Instance 501
17 3 8 707
39 16 121 117 61 30 186 156 194 100 163 172 100 247 87 198 133

# Instance 502
17 3 8 590
30 29 210 69 23 244 5 207 107 37 205 87 7 167 88 11 244

# Instance 503
17 3 8 763
204 128 215 254 138 89 115 44 118 174 207 202 112 33 167 23 64

# Instance 504
17 3 8 756
244 188 213 52 7 99 188 227 254 198 94 239 4 93 101 59 7

# Instance 505
17 3 8 719
82 97 108 5 100 113 194 152 194 182 208 135 111 82 144 226 22

# Instance 506
17 3 16 169124
37490 14297 4853 52666 596 49936 2903 35020 32886 26776 6461 56612 4270 55708 60794 33228 32788

# Instance 507
17 3 16 191951
691 11993 25068 15940 61473 25455 29101 63515 24355 59910 63544 4680 57607 50994 24080 36688 20690

# Instance 508
17 3 16 195522
23896 51410 38375 62846 2331 63134 7164 26684 7229 59900 38442 8049 2481 62158 56378 65288 10722

# Instance 509
17 3 16 156072
31530 50687 51352 6427 9162 13601 17916 24362 22415 36046 38566 38190 21885 316 20467 48328 36920

# Instance 510
17 3 16 149978
64785 36233 5501 42522 14489 29025 20370 49361 14411 15425 54537 63617 10836 560 22834 561 4788

# Instance 511
18 3 4 54
15 3 11 10 13 3 5 10 11 5 1 11 15 13 11 1 8 15

# Instance 512
18 3 4 51
15 5 12 13 7 1 6 15 8 11 4 8 12 12 3 5 7 8

# Instance 513
18 3 4 50
11 2 11 14 3 5 7 6 9 8 11 7 13 4 8 10 5 15

# Instance 514
18 3 4 48
9 13 6 11 2 2 8 4 11 15 8 6 8 2 5 15 12 6

# Instance 515
18 3 4 46
12 10 6 14 1 12 9 7 11 2 12 4 5 4 5 12 2 10

# Instance 516
18 3 8 712
215 90 61 139 143 88 37 68 143 27 165 152 61 106 255 27 197 161

# Instance 517
18 3 8 644
226 47 168 207 67 93 8 118 23 124 29 157 98 108 22 252 99 85

# Instance 518
18 3 8 751
178 166 22 65 170 248 110 190 22 67 233 167 25 111 243 103 123 9

# Instance 519
18 3 8 520
32 86 156 123 22 104 68 163 193 2 37 223 30 48 38 211 21 1

# Instance 520
18 3 8 745
4 118 68 102 175 210 41 198 232 43 13 39 226 30 157 231 222 126

# Instance 521
18 3 16 185613
2759 23901 45526 23075 53854 21893 41951 23563 40298 23896 4468 33903 16991 48012 31451 51781 22852 46636

# Instance 522
18 3 16 231023
52195 13611 8551 65336 61893 44489 23634 34684 40236 41240 7931 47809 50929 57143 64491 54476 8419 15975

# Instance 523
18 3 16 240988
35157 16077 44072 38371 47244 2165 60667 53975 12268 35656 40681 62353 65499 56770 28436 50793 52865 19875

# Instance 524
18 3 16 216889
54261 20682 53473 41376 41744 24222 55825 8889 37487 53036 45364 24189 18709 34803 9045 26640 58959 41909

# Instance 525
18 3 16 236010
34853 22332 15257 54219 41337 42725 56804 59584 44458 46781 9296 56242 48028 36074 581 45914 28141 65384

# Instance 526
19 3 4 43
7 1 8 6 3 5 1 15 11 3 7 5 11 3 4 14 2 12 9

# Instance 527
19 3 4 41
10 3 14 1 6 2 4 9 1 8 10 1 8 2 3 11 14 9 5

# Instance 528
19 3 4 50
10 10 8 12 5 6 14 2 2 9 15 9 2 7 10 9 8 5 5

# Instance 529
19 3 4 43
6 1 3 2 6 4 13 9 11 8 1 6 8 5 4 11 1 15 13

# Instance 530
19 3 4 47
13 3 3 9 9 6 15 13 6 5 8 11 1 14 5 8 2 5 4

# Instance 531
19 3 8 638
83 56 188 62 88 108 41 128 241 49 104 202 45 204 66 55 6 23 164

# Instance 532
19 3 8 887
24 251 170 247 205 17 213 31 148 131 253 219 57 243 113 102 184 51 2

# Instance 533
19 3 8 701
28 24 28 103 43 81 123 238 80 22 76 137 201 170 244 57 90 185 171

# Instance 534
19 3 8 958
88 126 224 138 231 158 135 228 19 126 98 63 148 164 172 203 97 250 204

# Instance 535
19 3 8 833
250 45 97 29 136 195 57 216 17 110 28 202 182 128 156 21 198 178 252

# Instance 536
19 3 16 266198
46897 44709 42868 64706 46009 45672 62610 33102 24614 33007 7692 58117 56338 49198 29143 42677 30324 56421 24456

# Instance 537
19 3 16 234716
38712 60863 48064 20133 54575 23540 26101 45972 38007 22464 23723 53798 35550 62011 12230 6697 25666 51195 54802

# Instance 538
19 3 16 228974
53308 50331 7364 57970 48478 38325 4126 44545 60456 61142 63649 43602 65525 8191 183 32539 1970 32284 12921

# Instance 539
19 3 16 228465
31676 56690 54089 37895 17293 5729 44890 40695 38981 10137 46943 39863 61335 11618 42166 50319 42121 11710 41214

# Instance 540
19 3 16 217852
58729 61991 19968 5025 40804 42344 43885 14415 22393 49377 38756 37364 30410 1216 56640 5205 43759 17202 64051

# Instance 541
20 3 4 58
12 15 14 14 4 4 6 6 13 2 4 9 6 13 11 4 9 8 11 7

# Instance 542
20 3 4 58
1 7 9 14 8 14 5 11 12 4 9 13 5 14 11 6 8 5 10 7

# Instance 543
20 3 4 61
11 8 1 12 11 9 14 5 1 10 3 9 10 8 14 11 14 12 12 7

# Instance 544
20 3 4 50
3 9 14 6 1 7 5 9 4 11 5 8 2 9 7 11 13 10 10 4

# Instance 545
20 3 4 67
3 9 14 8 14 6 15 10 11 10 2 9 2 9 12 14 14 12 15 12

# Instance 546
20 3 8 875
102 117 59 163 166 124 45 163 204 10 153 222 34 25 202 188 253 57 125 213

# Instance 547
20 3 8 876
218 57 47 177 168 127 239 157 23 121 150 62 253 126 17 232 96 9 93 255

# Instance 548
20 3 8 763
251 41 228 97 43 49 26 8 103 94 29 21 75 249 108 126 195 122 225 197

# Instance 549
20 3 8 777
8 179 116 38 155 86 129 121 245 72 71 106 123 129 244 61 254 50 106 36

# Instance 550
20 3 8 660
19 48 73 50 39 36 226 34 71 113 180 143 227 136 86 64 119 113 80 122

# Instance 551
20 3 16 202301
10551 24465 1905 42549 61824 44168 4228 58734 27538 3322 2106 34174 5969 38303 11181 43055 38557 35186 58676 60400

# Instance 552
20 3 16 210984
8583 11740 54970 25151 21851 54786 46565 27603 58746 4320 43624 48932 5857 41937 45014 52629 12795 21907 41598 4339

# Instance 553
20 3 16 228035
58257 59162 32736 23941 53645 31504 7297 3189 45083 29809 19753 28564 36666 47801 61060 33582 5088 45079 6469 55417

# Instance 554
20 3 16 230958
60494 25406 35838 30572 29592 25396 13795 56881 37281 42857 24745 48096 37159 30694 14245 60820 1101 55816 9169 52883

# Instance 555
20 3 16 223453
21316 36704 48108 63268 8698 35875 8281 13408 62338 1861 20674 55286 59550 55463 18713 39167 51688 2808 9114 58035

# Instance 556
4 4 4 9
9 1 2 4

# Instance 557
4 4 4 13
11 13 4 7

# Instance 558
4 4 4 8
8 4 1 8

# Instance 559
4 4 4 10
10 6 7 6

# Instance 560
4 4 4 15
13 14 15 2

# Instance 561
4 4 8 146
119 138 146 131

# Instance 562
4 4 8 181
171 181 126 169

# Instance 563
4 4 8 244
77 7 244 6

# Instance 564
4 4 8 224
167 132 156 224

# Instance 565
4 4 8 254
194 254 63 23

# Instance 566
4 4 16 45745
32604 45310 22865 45745

# Instance 567
4 4 16 65277
39317 65277 38345 63079

# Instance 568
4 4 16 16290
4733 2411 16290 3914

# Instance 569
4 4 16 56695
4019 21077 56695 14443

# Instance 570
4 4 16 35224
25510 26722 35224 16519

# Instance 571
5 4 4 13
1 13 4 11 6

# Instance 572
5 4 4 14
10 5 14 3 9

# Instance 573
5 4 4 14
12 10 6 5 14

# Instance 574
5 4 4 15
13 3 10 12 15

# Instance 575
5 4 4 15
15 1 6 2 1

# Instance 576
5 4 8 324
197 177 147 239 228

# Instance 577
5 4 8 220
83 65 143 220 61

# Instance 578
5 4 8 178
42 178 50 36 5

# Instance 579
5 4 8 250
22 87 162 77 250

# Instance 580
5 4 8 250
182 90 250 169 8

# Instance 581
5 4 16 57948
57948 51412 16979 4084 42057

# Instance 582
5 4 16 46477
18204 13537 4013 46477 11350

# Instance 583
5 4 16 63932
27718 20436 16376 24423 63932

# Instance 584
5 4 16 65324
8045 53971 41747 65324 12050

# Instance 585
5 4 16 63676
63676 29976 3403 52737 25253

# Instance 586
6 4 4 14
1 2 10 14 4 5

# Instance 587
6 4 4 14
3 4 11 14 6 11

# Instance 588
6 4 4 13
6 7 7 11 8 6

# Instance 589
6 4 4 14
14 11 1 14 7 6

# Instance 590
6 4 4 13
4 7 1 12 10 13

# Instance 591
6 4 8 337
5 202 247 232 210 135

# Instance 592
6 4 8 230
144 7 106 147 141 124

# Instance 593
6 4 8 200
200 110 65 118 30 152

# Instance 594
6 4 8 185
78 167 67 52 185 33

# Instance 595
6 4 8 255
255 26 3 189 244 240

# Instance 596
6 4 16 63081
53017 41679 51506 21518 41563 3653

# Instance 597
6 4 16 76100
41622 40761 17488 35339 48820 58528

# Instance 598
6 4 16 78993
64961 21211 51756 61868 38072 40921

# Instance 599
6 4 16 60955
56014 18282 60955 40914 4902 59166

# Instance 600
6 4 16 48295
20300 24237 11233 1082 48295 27600

# Instance 601
7 4 4 14
10 2 7 12 5 14 3

# Instance 602
7 4 4 15
13 4 8 4 2 11 14

# Instance 603
7 4 4 14
14 1 7 4 5 3 13

# Instance 604
7 4 4 20
14 14 2 9 13 7 9

# Instance 605
7 4 4 17
4 8 5 5 13 14 10

# Instance 606
7 4 8 249
222 157 127 98 119 151 77

# Instance 607
7 4 8 318
125 79 197 214 203 121 159

# Instance 608
7 4 8 242
64 129 56 175 108 242 101

# Instance 609
7 4 8 237
97 63 196 113 103 174 110

# Instance 610
7 4 8 280
166 197 140 130 107 98 182

# Instance 611
7 4 16 65769
44195 6762 33517 48357 38612 21123 32252

# Instance 612
7 4 16 65148
47099 63267 20429 14784 25210 44719 22743

# Instance 613
7 4 16 57054
16747 31157 48256 11372 45878 2953 45682

# Instance 614
7 4 16 83825
1212 32564 61013 51261 52574 12070 54249

# Instance 615
7 4 16 59172
31792 59172 30730 836 21008 54486 17307

# Instance 616
8 4 4 18
5 5 9 9 13 4 12 13

# Instance 617
8 4 4 21
15 4 12 10 15 9 9 4

# Instance 618
8 4 4 18
9 12 9 1 5 12 11 3

# Instance 619
8 4 4 14
11 6 3 8 14 1 4 6

# Instance 620
8 4 4 12
5 5 8 1 3 4 9 9

# Instance 621
8 4 8 266
195 23 228 195 37 149 53 117

# Instance 622
8 4 8 295
233 47 173 187 73 108 62 249

# Instance 623
8 4 8 292
138 184 127 179 113 49 117 171

# Instance 624
8 4 8 251
135 116 224 138 170 31 44 103

# Instance 625
8 4 8 321
110 150 225 215 171 91 210 30

# Instance 626
8 4 16 85027
28757 58525 56341 43117 26796 26502 12960 65457

# Instance 627
8 4 16 79950
34922 34923 65116 14300 39110 36006 40957 45028

# Instance 628
8 4 16 69793
16328 43363 14025 33033 57478 43670 5469 36760

# Instance 629
8 4 16 110870
20913 55692 56212 25675 59971 55178 27190 64026

# Instance 630
8 4 16 85751
59623 56007 37757 29744 16880 45100 36804 34548

# Instance 631
9 4 4 25
7 11 2 12 15 1 11 14 15

# Instance 632
9 4 4 16
5 2 11 11 2 12 5 9 6

# Instance 633
9 4 4 15
4 12 7 3 11 2 10 8 2

# Instance 634
9 4 4 17
11 5 8 10 4 9 4 3 12

# Instance 635
9 4 4 18
3 7 12 13 2 9 3 6 14

# Instance 636
9 4 8 268
102 118 28 153 129 75 96 150 176

# Instance 637
9 4 8 369
155 188 222 49 102 233 203 181 19

# Instance 638
9 4 8 244
26 203 91 90 61 118 59 157 126

# Instance 639
9 4 8 256
16 195 134 170 71 160 87 61 90

# Instance 640
9 4 8 330
212 91 194 99 101 185 23 134 239

# Instance 641
9 4 16 103585
41936 47703 53937 54815 40638 64249 38633 49648 17901

# Instance 642
9 4 16 75671
26287 30445 42168 10947 49384 63351 57460 6855 7486

# Instance 643
9 4 16 80629
61903 29778 44602 1789 7042 48769 1942 36027 56705

# Instance 644
9 4 16 70603
58077 56518 10582 14085 5481 31764 60022 9730 30718

# Instance 645
9 4 16 51784
34571 21180 32234 10201 40881 22703 7723 19116 17213

# Instance 646
10 4 4 18
7 7 2 15 1 2 11 12 2 9

# Instance 647
10 4 4 20
3 6 10 14 2 4 11 12 5 10

# Instance 648
10 4 4 25
6 9 6 6 15 3 7 15 13 13

# Instance 649
10 4 4 24
14 2 14 4 2 13 6 11 4 14

# Instance 650
10 4 4 23
14 9 7 14 6 15 2 2 3 14

# Instance 651
10 4 8 290
73 217 135 92 97 217 90 14 5 117

# Instance 652
10 4 8 291
11 208 87 59 131 5 160 168 162 105

# Instance 653
10 4 8 226
159 28 126 64 200 64 75 151 24 6

# Instance 654
10 4 8 413
240 172 99 253 208 127 143 41 220 106

# Instance 655
10 4 8 417
1 176 233 168 58 215 179 207 210 156

# Instance 656
10 4 16 112049
38500 36049 20793 21437 57628 54421 62721 35197 62716 42589

# Instance 657
10 4 16 77819
20644 29546 21816 61735 64885 16511 2969 16084 60151 9949

# Instance 658
10 4 16 74323
26303 35525 52838 2299 50567 8008 24602 24016 25705 4808

# Instance 659
10 4 16 96146
32746 43525 49880 14124 51205 10605 25880 32142 56194 61214

# Instance 660
10 4 16 96527
21480 53179 58602 16710 9042 8286 33607 44535 51992 63409

# Instance 661
11 4 4 20
2 8 1 9 3 4 9 5 15 14 10

# Instance 662
11 4 4 26
7 8 7 8 7 1 6 9 13 14 15

# Instance 663
11 4 4 23
8 12 10 4 5 6 11 7 10 8 11

# Instance 664
11 4 4 18
1 7 4 4 1 11 3 11 3 12 11

# Instance 665
11 4 4 15
5 9 2 10 12 2 1 2 5 11 1

# Instance 666
11 4 8 329
28 151 230 22 118 204 56 157 14 178 144

# Instance 667
11 4 8 398
199 65 19 78 226 59 221 17 203 199 27

# Instance 668
11 4 8 361
45 194 123 168 239 139 24 7 196 193 61

# Instance 669
11 4 8 361
225 30 167 13 149 199 156 191 96 192 13

# Instance 670
11 4 8 386
99 77 167 189 188 81 189 177 99 57 208

# Instance 671
11 4 16 98817
42226 47244 58609 29868 34334 2255 17562 34900 46153 10438 62651

# Instance 672
11 4 16 117804
42090 57224 64050 62993 26691 54905 22012 62899 37477 16796 18448

# Instance 673
11 4 16 94999
19068 47659 17268 22079 31902 27587 43906 15874 53430 40057 57046

# Instance 674
11 4 16 99715
32827 50022 19805 63167 13992 57185 46663 10813 44144 36548 13695

# Instance 675
11 4 16 80611
63223 1712 24716 49352 37444 37816 14330 20206 2454 13861 46544

# Instance 676
12 4 4 24
2 3 11 8 7 13 3 11 7 10 9 9

# Instance 677
12 4 4 23
11 13 11 9 12 13 3 4 8 1 6 1

# Instance 678
12 4 4 26
2 9 4 12 10 9 9 12 2 8 11 13

# Instance 679
12 4 4 25
13 8 3 10 6 5 8 3 14 3 15 11

# Instance 680
12 4 4 23
7 6 13 2 9 5 15 10 3 1 6 13

# Instance 681
12 4 8 330
97 205 179 124 91 216 56 38 22 124 145 17

# Instance 682
12 4 8 319
222 32 79 82 5 68 33 126 137 212 161 85

# Instance 683
12 4 8 440
75 232 103 135 140 250 91 31 139 220 234 73

# Instance 684
12 4 8 395
69 246 27 131 237 32 70 30 175 105 210 226

# Instance 685
12 4 8 441
182 219 4 222 236 186 9 191 88 16 142 242

# Instance 686
12 4 16 119074
20370 42946 60923 25115 23995 43263 23519 63741 23721 51366 61227 15205

# Instance 687
12 4 16 93975
37302 19545 61558 12912 21800 33411 20663 47652 13400 34536 52916 16616

# Instance 688
12 4 16 112925
37288 24813 26095 38824 64152 64250 37157 23551 47166 50472 13667 17309

# Instance 689
12 4 16 81287
34922 13630 31926 41420 13656 26237 58535 22286 23660 35538 22202 286

# Instance 690
12 4 16 90873
340 13134 24938 3892 59619 35900 31254 52654 3520 40795 35677 56608

# Instance 691
13 4 4 28
14 9 10 5 1 15 1 11 7 10 15 5 7

# Instance 692
13 4 4 27
9 5 9 7 10 2 2 10 2 15 14 10 12

# Instance 693
13 4 4 28
11 5 6 15 6 8 15 12 8 10 7 5 2

# Instance 694
13 4 4 24
6 4 15 1 8 15 6 5 6 2 15 6 5

# Instance 695
13 4 4 29
15 1 13 10 13 11 5 1 4 4 8 14 15

# Instance 696
13 4 8 430
13 159 141 239 95 203 254 227 117 36 62 137 29

# Instance 697
13 4 8 417
216 235 37 251 6 130 124 238 18 201 19 27 42

# Instance 698
13 4 8 319
177 142 117 17 48 145 13 26 161 52 56 209 103

# Instance 699
13 4 8 445
153 212 207 210 104 182 137 98 84 76 126 50 138

# Instance 700
13 4 8 585
149 241 199 5 214 243 192 232 98 162 215 255 121

# Instance 701
13 4 16 85813
20133 37434 26769 533 18390 1559 41769 33743 34702 42485 60152 6495 16762

# Instance 702
13 4 16 110278
58258 45910 28419 16909 21272 49618 33441 11817 31424 35431 21855 47215 36601

# Instance 703
13 4 16 105331
48741 24703 29213 28495 64003 44558 57202 23120 20283 8680 13689 21045 33843

# Instance 704
13 4 16 112740
62405 15101 11561 40835 13502 22051 40547 65482 12383 18771 60632 22423 53742

# Instance 705
13 4 16 109611
59258 42048 39713 46288 13480 24423 11605 22419 36914 25246 6636 56418 50869

# Instance 706
14 4 4 33
7 14 5 11 4 13 10 15 9 12 3 5 12 10

# Instance 707
14 4 4 36
7 7 15 14 8 11 5 12 9 9 9 10 13 15

# Instance 708
14 4 4 26
7 13 15 1 10 4 2 3 12 6 3 14 8 6

# Instance 709
14 4 4 29
7 10 7 8 6 6 14 13 8 4 10 9 9 5

# Instance 710
14 4 4 29
9 3 5 13 7 12 15 4 9 1 11 6 12 7

# Instance 711
14 4 8 387
54 185 45 45 191 58 22 152 138 33 254 189 129 48

# Instance 712
14 4 8 450
152 52 117 47 217 37 124 90 213 197 136 108 136 165

# Instance 713
14 4 8 574
174 62 218 83 80 220 182 78 208 115 198 211 215 244

# Instance 714
14 4 8 464
125 40 10 14 159 222 108 133 143 162 28 250 209 245

# Instance 715
14 4 8 346
4 230 46 62 12 63 129 46 17 224 68 26 217 232

# Instance 716
14 4 16 115448
15630 19340 1581 38119 60341 49446 27750 51048 30473 60987 7647 41368 51148 4059

# Instance 717
14 4 16 119814
7192 26992 53215 37619 28872 28671 55230 55224 64269 8927 7459 49958 5537 49733

# Instance 718
14 4 16 116449
53511 50891 60074 40858 40048 40852 3232 14845 17339 27759 37799 3445 14373 53525

# Instance 719
14 4 16 140741
64373 16399 18893 48899 61924 37704 33147 50201 45335 33764 58007 11070 48401 34135

# Instance 720
14 4 16 136167
19092 47545 43609 55362 31149 27542 24032 58802 54301 37743 32927 51703 23064 36149

# Instance 721
15 4 4 32
13 12 9 4 8 2 5 15 4 13 10 8 14 9 1

# Instance 722
15 4 4 35
10 12 2 15 12 1 14 13 4 10 14 7 11 3 9

# Instance 723
15 4 4 33
15 10 9 6 5 2 13 6 10 14 4 9 5 8 15

# Instance 724
15 4 4 34
10 1 15 9 5 15 3 12 1 12 15 15 12 7 4

# Instance 725
15 4 4 28
4 2 8 7 8 7 12 3 5 7 14 13 2 11 9

# Instance 726
15 4 8 496
56 157 45 195 219 3 94 24 222 207 231 84 196 241 2

# Instance 727
15 4 8 474
161 88 102 235 193 188 139 56 169 122 74 165 70 96 35

# Instance 728
15 4 8 567
190 223 222 100 193 166 13 98 124 244 211 100 173 87 114

# Instance 729
15 4 8 502
253 83 169 118 126 204 107 24 188 53 221 213 6 189 48

# Instance 730
15 4 8 466
26 189 71 208 157 100 123 47 100 53 220 163 214 49 136

# Instance 731
15 4 16 96108
8055 64170 12852 6908 31746 18133 11451 63940 34460 14595 6702 36626 55099 16041 2797

# Instance 732
15 4 16 113241
59215 13203 15724 15386 56611 44539 58776 17643 8217 31768 18428 12558 13717 30869 50704

# Instance 733
15 4 16 116215
46518 53506 1049 19943 17241 27071 14436 37358 43737 5226 30984 58025 35075 61613 12972

# Instance 734
15 4 16 120527
8581 62637 35993 44598 58522 11802 681 2015 35914 36857 38429 27693 1465 62005 38756

# Instance 735
15 4 16 87130
31611 2972 15468 20855 5117 19974 8872 63840 36679 18266 17325 53167 21717 5365 26326

# Instance 736
16 4 4 37
2 10 12 1 10 2 15 11 7 3 8 15 13 10 14 14

# Instance 737
16 4 4 33
4 7 4 15 14 7 15 9 9 3 2 14 6 1 13 9

# Instance 738
16 4 4 33
5 4 11 7 6 8 5 3 1 8 10 12 15 9 15 13

# Instance 739
16 4 4 31
1 10 7 4 1 11 15 4 14 15 7 15 5 5 6 3

# Instance 740
16 4 4 30
8 8 7 2 7 2 5 10 8 13 4 14 1 5 15 10

# Instance 741
16 4 8 604
225 108 251 82 216 149 155 10 246 178 179 171 2 142 70 228

# Instance 742
16 4 8 406
87 224 69 10 4 30 226 91 37 85 4 216 110 246 35 148

# Instance 743
16 4 8 454
66 90 45 67 14 191 126 38 15 189 232 123 255 74 68 222

# Instance 744
16 4 8 527
176 82 152 14 62 194 234 50 211 155 59 252 17 198 84 165

# Instance 745
16 4 8 518
144 38 164 197 131 231 23 94 115 117 28 36 157 157 252 185

# Instance 746
16 4 16 106322
16223 10533 35599 10598 35143 28678 58127 16439 5792 23285 44886 22908 15921 35580 59944 5225

# Instance 747
16 4 16 156831
60010 61965 29853 14411 56504 44380 14864 14040 35033 21841 63496 45542 29559 55259 49958 29438

# Instance 748
16 4 16 165485
35755 31778 24774 58846 14160 45980 51560 52877 53056 56235 38857 64010 52174 23062 27505 30595

# Instance 749
16 4 16 122400
58859 46618 46304 2445 5811 3975 15542 34320 47389 61711 14071 14605 17576 59687 49322 10496

# Instance 750
16 4 16 135810
11589 28852 2370 17502 17666 28438 52227 33894 55726 34397 48096 8949 39154 45865 59889 57245

# Instance 751
17 4 4 42
15 5 14 11 13 11 10 4 14 15 15 10 13 3 1 5 7

# Instance 752
17 4 4 35
1 14 5 1 8 4 14 15 5 9 7 5 14 5 15 12 4

# Instance 753
17 4 4 36
7 11 7 1 14 15 7 6 14 3 12 10 3 4 11 13 6

# Instance 754
17 4 4 45
13 15 15 1 10 6 12 8 13 14 15 11 5 4 9 14 13

# Instance 755
17 4 4 36
12 9 4 14 4 10 4 12 2 3 4 9 11 14 11 9 9

# Instance 756
17 4 8 548
116 36 183 180 51 180 219 74 206 119 255 85 218 67 142 28 29

# Instance 757
17 4 8 571
62 212 135 61 100 133 5 129 214 150 246 205 252 59 88 191 40

# Instance 758
17 4 8 524
247 152 40 87 38 74 98 179 88 202 187 15 168 160 205 49 105

# Instance 759
17 4 8 425
39 149 114 139 20 97 98 28 120 44 70 152 23 115 202 123 165

# Instance 760
17 4 8 502
187 237 76 134 20 118 212 134 38 246 48 29 98 12 34 234 148

# Instance 761
17 4 16 149493
17279 42355 49978 20934 59507 46492 36226 43446 36566 19817 41140 40321 34639 7450 50405 30943 20186

# Instance 762
17 4 16 129887
23576 59594 27033 29431 25314 5970 33697 32208 28524 28550 17204 35863 12298 37297 48990 12221 61609

# Instance 763
17 4 16 141884
29157 24279 16424 13492 11 45593 9206 57678 9829 64057 41915 44519 60885 47170 54308 21844 26296

# Instance 764
17 4 16 152957
10262 22445 9998 34098 23529 27185 64537 55219 61807 60956 9607 50124 51833 38046 62849 16561 12279

# Instance 765
17 4 16 156129
3672 53520 721 59236 50860 63206 22984 46669 63711 51977 35791 64579 36987 2891 34459 31236 1852

# Instance 766
18 4 4 38
14 4 1 8 8 4 3 7 11 15 8 1 10 14 10 15 14 2

# Instance 767
18 4 4 36
4 7 4 2 9 14 14 13 3 15 12 2 4 4 15 6 2 14

# Instance 768
18 4 4 33
5 5 7 8 1 10 3 14 9 12 15 3 6 14 9 1 4 3

# Instance 769
18 4 4 38
15 6 3 7 12 13 11 2 1 5 2 14 14 11 4 4 11 14

# Instance 770
18 4 4 32
2 9 12 4 15 4 4 13 2 8 3 10 9 1 11 5 13 2

# Instance 771
18 4 8 624
201 163 137 254 61 27 202 133 165 102 194 104 177 139 69 93 116 156

# Instance 772
18 4 8 575
232 37 88 253 13 74 102 234 69 89 192 46 164 152 84 82 137 250

# Instance 773
18 4 8 688
233 73 219 85 197 140 210 181 247 131 86 99 113 78 144 86 236 192

# Instance 774
18 4 8 614
46 119 208 89 134 163 4 238 238 238 214 136 7 102 34 205 72 208

# Instance 775
18 4 8 477
2 58 107 150 87 119 189 131 9 43 71 105 155 191 88 24 188 190

# Instance 776
18 4 16 141430
31130 7743 61576 42213 32257 52288 2390 7263 21615 23556 50856 5681 51819 40403 60871 24238 40618 8997

# Instance 777
18 4 16 182612
62782 36823 58757 25036 22432 54060 31149 53789 33970 5525 57471 39398 41404 34892 64572 13701 44178 50265

# Instance 778
18 4 16 146406
18589 18711 8753 64982 38960 52244 38942 49861 12271 28499 2690 53003 65415 14944 16200 34546 39699 26919

# Instance 779
18 4 16 165197
1311 8528 58887 64515 19358 21848 4716 33646 51325 62909 8136 47498 52352 65010 26777 43757 48757 41319

# Instance 780
18 4 16 134315
61259 7463 52090 20405 14014 16059 5841 52211 13568 36457 40334 39020 5004 31726 38356 9443 54720 38983

# Instance 781
19 4 4 32
1 6 4 4 13 12 1 9 8 11 15 2 8 3 8 1 14 3 3

# Instance 782
19 4 4 39
8 3 9 7 5 6 5 12 3 10 11 7 5 1 12 9 15 10 15

# Instance 783
19 4 4 36
13 8 12 4 15 10 3 12 4 8 11 4 2 2 1 1 14 11 6

# Instance 784
19 4 4 43
9 2 12 11 5 11 2 14 9 14 13 8 7 12 15 2 7 11 5

# Instance 785
19 4 4 32
11 1 6 4 4 15 9 15 3 12 3 3 9 1 10 6 5 7 2

# Instance 786
19 4 8 568
161 162 203 45 9 193 81 200 213 161 146 41 8 134 71 158 100 94 89

# Instance 787
19 4 8 623
214 225 100 55 197 138 57 180 205 75 70 93 252 107 93 43 140 21 224

# Instance 788
19 4 8 646
220 184 97 72 33 72 141 133 199 65 52 236 92 115 46 229 130 253 213

# Instance 789
19 4 8 599
254 2 112 74 161 46 67 122 215 11 55 123 138 134 208 123 248 69 233

# Instance 790
19 4 8 605
74 159 150 188 133 30 52 214 163 60 126 174 202 175 121 51 64 136 148

# Instance 791
19 4 16 152665
28330 2029 40950 22994 64327 42537 25208 65433 64640 12949 22345 34027 19601 12788 58619 28267 32910 23929 8452

# Instance 792
19 4 16 141115
14242 41797 901 65483 48588 42011 10904 1837 46973 32669 6408 46195 39963 21994 35734 56594 16668 24338 10911

# Instance 793
19 4 16 172844
43542 58723 31093 29385 24599 34639 25729 55064 40039 33155 47277 56897 19004 1050 62308 42896 36025 33316 16404

# Instance 794
19 4 16 174510
51494 55419 4343 15450 3270 16480 7417 56613 62508 56049 58854 61428 45679 44161 8243 42592 44522 45782 17500

# Instance 795
19 4 16 171743
30848 19105 35633 62752 55137 7753 9776 56793 34884 63940 44594 53906 19182 18756 24383 33356 58160 21288 36489

# Instance 796
20 4 4 39
13 6 1 10 15 15 4 2 7 10 3 13 1 15 7 5 10 8 3 7

# Instance 797
20 4 4 35
12 5 2 6 2 10 5 2 6 5 7 3 11 6 10 12 8 13 10 4

# Instance 798
20 4 4 34
8 5 8 5 7 1 14 11 6 15 9 11 1 1 6 2 6 3 15 2

# Instance 799
20 4 4 37
2 5 11 1 6 8 9 4 14 6 3 8 14 4 14 12 4 6 6 8

# Instance 800
20 4 4 43
13 7 6 4 15 8 5 14 10 15 14 15 10 2 5 3 2 15 2 4

# Instance 801
20 4 8 588
11 76 124 155 150 158 62 61 198 5 152 79 60 241 2 123 224 87 196 186

# Instance 802
20 4 8 493
68 172 119 246 91 54 63 121 122 119 111 148 1 43 86 7 89 48 213 49

# Instance 803
20 4 8 634
92 194 185 75 121 234 43 50 151 13 128 116 92 206 221 158 103 60 170 124

# Instance 804
20 4 8 789
140 254 176 31 24 232 215 215 222 145 131 234 249 143 214 3 9 143 232 144

# Instance 805
20 4 8 639
137 24 141 196 158 14 60 26 97 136 145 100 233 221 106 245 47 95 249 123

# Instance 806
20 4 16 156109
33649 15625 62224 12733 585 39466 25372 41062 31532 6462 23595 40986 15647 50286 54238 46262 48924 35550 31377 8607

# Instance 807
20 4 16 125848
49664 6438 1458 29969 27935 10382 24936 57569 810 5701 21021 62487 47352 9356 60577 3688 5126 4065 20146 54586

# Instance 808
20 4 16 191409
55606 5798 24838 61121 63546 58517 13970 26407 60717 34043 48646 28956 11782 42975 64343 58675 26912 10309 63390 5049

# Instance 809
20 4 16 164350
61529 5037 31543 22572 30415 63284 55188 55846 32425 51958 23450 23806 11441 5550 46147 34102 7901 3269 30595 61145

# Instance 810
20 4 16 149803
47891 6235 3526 15892 1436 14425 6018 44665 52585 60336 7560 51790 50375 12163 4500 49721 25693 54737 64201 25408

# Instance 811
5 5 4 14
14 7 6 9 4

# Instance 812
5 5 4 13
9 5 13 1 9

# Instance 813
5 5 4 14
14 12 14 14 6

# Instance 814
5 5 4 11
2 11 6 9 2

# Instance 815
5 5 4 14
14 12 8 3 11

# Instance 816
5 5 8 247
225 212 247 143 60

# Instance 817
5 5 8 244
244 117 7 227 44

# Instance 818
5 5 8 252
213 252 26 185 94

# Instance 819
5 5 8 235
234 115 159 235 33

# Instance 820
5 5 8 231
167 229 107 231 2

# Instance 821
5 5 16 65336
65336 45105 51373 58482 62000

# Instance 822
5 5 16 64074
53059 64074 31158 29003 43222

# Instance 823
5 5 16 61993
15733 11502 20257 61993 11870

# Instance 824
5 5 16 44396
42082 44396 28757 10605 1460

# Instance 825
5 5 16 40424
37258 10314 40424 645 23054

# Instance 826
6 5 4 15
15 2 1 11 13 3

# Instance 827
6 5 4 15
5 10 7 9 9 15

# Instance 828
6 5 4 15
10 6 5 14 1 15

# Instance 829
6 5 4 13
1 13 2 7 3 6

# Instance 830
6 5 4 16
6 15 10 11 12 15

# Instance 831
6 5 8 255
6 92 99 149 166 255

# Instance 832
6 5 8 224
122 224 180 79 134 20

# Instance 833
6 5 8 213
115 169 155 66 213 83

# Instance 834
6 5 8 231
13 128 173 14 175 231

# Instance 835
6 5 8 210
128 116 210 93 111 117

# Instance 836
6 5 16 23276
4109 5261 23276 11496 14732 8588

# Instance 837
6 5 16 54765
35949 443 2998 39682 54765 53121

# Instance 838
6 5 16 64879
63649 56261 27459 54793 31350 64879

# Instance 839
6 5 16 63525
63525 12724 45213 43362 63364 30378

# Instance 840
6 5 16 52496
52496 5193 22611 47787 28299 20642

# Instance 841
7 5 4 15
10 8 9 9 4 7 8

# Instance 842
7 5 4 12
11 11 12 4 11 7 1

# Instance 843
7 5 4 15
11 13 9 1 15 9 6

# Instance 844
7 5 4 21
2 9 14 12 14 14 12

# Instance 845
7 5 4 14
12 4 1 11 6 9 14

# Instance 846
7 5 8 226
9 226 9 211 77 158 17

# Instance 847
7 5 8 254
56 232 254 178 247 130 48

# Instance 848
7 5 8 244
244 30 61 26 127 87 105

# Instance 849
7 5 8 240
106 98 170 240 212 98 7

# Instance 850
7 5 8 238
141 97 104 128 155 145 206

# Instance 851
7 5 16 62094
55061 37616 37337 35415 38988 26679 19493

# Instance 852
7 5 16 59445
59445 29066 28105 22840 14996 33634 27082

# Instance 853
7 5 16 70538
21570 53813 55873 61368 8316 48968 55074

# Instance 854
7 5 16 63468
33529 63440 13668 13875 30518 63468 62735

# Instance 855
7 5 16 60027
60027 38800 56592 41925 47743 10883 10576

# Instance 856
8 5 4 16
5 8 5 11 11 9 11 6

# Instance 857
8 5 4 15
4 9 6 15 1 11 7 10

# Instance 858
8 5 4 13
12 3 11 13 7 2 6 7

# Instance 859
8 5 4 10
10 3 3 1 2 2 4 10

# Instance 860
8 5 4 15
11 15 4 5 11 3 5 1

# Instance 861
8 5 8 331
152 208 207 223 249 124 26 166

# Instance 862
8 5 8 253
253 118 195 252 16 20 31 64

# Instance 863
8 5 8 223
223 142 69 97 5 88 34 191

# Instance 864
8 5 8 254
56 96 114 77 83 16 238 254

# Instance 865
8 5 8 252
134 77 103 149 118 78 252 17

# Instance 866
8 5 16 57562
49594 13949 20940 57562 8749 13391 50737 42908

# Instance 867
8 5 16 64075
41364 23096 9568 40979 41381 18749 63001 52873

# Instance 868
8 5 16 77320
34302 43247 44168 24521 64974 32413 63424 43018

# Instance 869
8 5 16 79596
55126 35894 47491 51536 55358 32105 35252 23477

# Instance 870
8 5 16 42092
21662 10013 34033 40860 18108 42092 2784 21081

# Instance 871
9 5 4 17
7 14 5 12 5 13 11 1 10

# Instance 872
9 5 4 22
14 13 1 9 5 15 15 11 10

# Instance 873
9 5 4 15
15 5 7 4 13 7 1 13 4

# Instance 874
9 5 4 16
4 15 12 13 8 10 6 1 5

# Instance 875
9 5 4 17
9 4 8 13 2 15 8 14 7

# Instance 876
9 5 8 251
35 84 128 208 63 139 123 168 251

# Instance 877
9 5 8 150
88 33 101 18 96 150 32 69 34

# Instance 878
9 5 8 313
204 85 244 193 161 140 9 164 152

# Instance 879
9 5 8 234
19 8 96 234 134 48 96 125 80

# Instance 880
9 5 8 344
56 205 206 13 83 252 189 155 211

# Instance 881
9 5 16 95349
56816 62694 58610 57775 7158 20379 11801 38533 64094

# Instance 882
9 5 16 63521
5372 53477 17797 29895 33414 63521 61511 15042 29411

# Instance 883
9 5 16 72996
13819 50592 21759 59177 27588 39720 44489 62958 21015

# Instance 884
9 5 16 73619
25358 32288 2242 54454 9090 60381 56952 31179 48261

# Instance 885
9 5 16 65523
2253 1854 21666 14501 58700 65523 23693 54196 8892

# Instance 886
10 5 4 17
15 8 1 11 12 3 2 9 3 10

# Instance 887
10 5 4 18
10 8 4 13 7 3 9 15 8 11

# Instance 888
10 5 4 17
14 11 4 15 11 6 3 8 3 4

# Instance 889
10 5 4 16
1 9 1 14 12 13 8 7 7 4

# Instance 890
10 5 4 21
15 9 7 8 14 5 1 9 15 11

# Instance 891
10 5 8 270
132 244 186 74 109 122 173 119 45 52

# Instance 892
10 5 8 285
78 20 229 219 154 192 245 3 66 121

# Instance 893
10 5 8 283
100 63 154 72 251 131 193 174 124 90

# Instance 894
10 5 8 304
131 223 52 81 117 253 21 125 133 226

# Instance 895
10 5 8 340
127 157 150 176 106 213 188 71 216 239

# Instance 896
10 5 16 77519
65115 64890 13522 42977 47810 38914 34542 12015 35885 6650

# Instance 897
10 5 16 64654
30161 35305 24253 883 53336 5062 49110 8874 64654 24851

# Instance 898
10 5 16 73846
9219 2868 25938 62995 13719 60395 40119 60127 22628 49561

# Instance 899
10 5 16 63983
11952 4245 28666 14016 11914 49501 3181 49578 63983 28996

# Instance 900
10 5 16 84392
57741 53097 26651 38629 42945 27704 65243 336 64391 11014

# Instance 901
11 5 4 20
15 15 5 6 13 15 7 1 2 14 4

# Instance 902
11 5 4 17
7 6 5 7 12 14 7 7 8 1 3

# Instance 903
11 5 4 21
6 10 4 11 13 6 11 7 13 8 13

# Instance 904
11 5 4 17
3 4 6 10 15 3 15 5 11 6 2

# Instance 905
11 5 4 16
10 14 3 3 3 1 3 15 7 2 15

# Instance 906
11 5 8 248
237 111 118 67 117 37 126 2 248 18 24

# Instance 907
11 5 8 294
197 229 192 128 48 231 102 28 6 108 36

# Instance 908
11 5 8 313
241 170 52 164 31 86 149 124 197 69 185

# Instance 909
11 5 8 233
140 172 218 61 10 208 20 1 4 78 175

# Instance 910
11 5 8 251
20 46 201 150 12 29 138 203 82 113 248

# Instance 911
11 5 16 71679
39117 10816 2015 39590 50732 44168 50495 24731 32562 8461 801

# Instance 912
11 5 16 80293
2895 62819 51832 46895 28511 33398 8081 49762 22441 57094 16133

# Instance 913
11 5 16 67183
38830 5747 25008 45831 14572 46664 44394 41153 28353 12020 6124

# Instance 914
11 5 16 79774
65243 38389 18918 4556 1009 3592 41385 53134 2368 60995 64204

# Instance 915
11 5 16 88983
59448 51275 55670 8769 33313 35100 47170 38770 33349 1175 44570

# Instance 916
12 5 4 25
15 12 14 14 13 11 6 2 14 2 8 11

# Instance 917
12 5 4 18
5 5 7 12 7 13 11 2 1 6 8 10

# Instance 918
12 5 4 20
3 14 10 6 7 7 5 3 15 12 11 6

# Instance 919
12 5 4 19
14 5 13 4 8 9 5 12 13 7 1 2

# Instance 920
12 5 4 19
4 3 10 8 10 8 6 5 9 14 5 9

# Instance 921
12 5 8 396
68 226 121 102 234 164 194 24 231 114 181 233

# Instance 922
12 5 8 414
249 41 249 124 59 238 177 35 252 237 34 176

# Instance 923
12 5 8 304
208 54 138 248 101 14 27 203 6 108 82 232

# Instance 924
12 5 8 458
203 164 193 59 119 203 230 176 182 175 237 210

# Instance 925
12 5 8 253
100 208 79 156 14 76 89 45 97 113 183 66

# Instance 926
12 5 16 105028
52668 52360 35320 9186 57546 9274 60201 10683 36142 63124 53969 20789

# Instance 927
12 5 16 87965
4577 35285 7006 11804 61614 49101 51019 55347 38864 54834 8127 908

# Instance 928
12 5 16 83877
27821 32923 62154 39343 33865 11606 23827 39321 12989 15484 35443 60050

# Instance 929
12 5 16 91346
13836 56957 34389 13728 57205 252 10906 34506 30368 56486 64547 60166

# Instance 930
12 5 16 72302
20520 61490 5401 2720 44756 43706 13961 54291 10608 51074 28596 142

# Instance 931
13 5 4 22
2 14 8 14 7 1 9 14 1 8 9 10 2

# Instance 932
13 5 4 25
4 1 10 10 14 8 15 6 14 10 3 14 13

# Instance 933
13 5 4 15
8 2 13 2 4 7 6 1 8 13 1 4 3

# Instance 934
13 5 4 23
3 6 9 14 12 4 14 12 11 11 3 4 8

# Instance 935
13 5 4 27
13 6 14 6 14 4 11 13 12 5 12 15 10

# Instance 936
13 5 8 420
5 195 193 215 208 164 196 189 113 184 38 235 136

# Instance 937
13 5 8 241
97 220 35 62 32 91 119 17 79 241 94 50 5

# Instance 938
13 5 8 332
71 114 1 220 83 254 175 119 255 21 136 103 64

# Instance 939
13 5 8 341
173 6 192 77 6 171 181 200 45 101 170 32 72

# Instance 940
13 5 8 384
198 104 92 105 39 237 193 100 79 231 255 49 191

# Instance 941
13 5 16 57301
11765 10247 37003 13467 37931 1551 44182 45270 5826 20298 16873 277 38284

# Instance 942
13 5 16 93396
54262 64489 50619 6661 58783 15814 17265 44027 6578 37984 28907 32398 41100

# Instance 943
13 5 16 87744
4569 55436 17898 58046 49633 54506 15606 7869 56570 11966 35365 26113 33238

# Instance 944
13 5 16 84680
51250 33996 17983 8395 40011 50174 9744 32671 4441 47138 44669 18673 56206

# Instance 945
13 5 16 82722
4490 44272 5420 64659 17762 32240 29187 62543 55016 22165 40539 12996 17240

# Instance 946
14 5 4 25
5 12 6 2 5 10 15 9 13 3 11 3 15 12

# Instance 947
14 5 4 23
10 1 4 12 14 2 7 10 5 9 9 15 5 10

# Instance 948
14 5 4 22
11 1 15 8 9 2 5 5 6 7 7 10 6 15

# Instance 949
14 5 4 27
14 2 12 13 10 12 14 11 2 14 1 11 14 1

# Instance 950
14 5 4 22
12 7 13 8 11 6 11 2 5 3 2 6 8 12

# Instance 951
14 5 8 366
222 120 58 246 168 44 151 164 18 76 64 142 151 192

# Instance 952
14 5 8 364
70 145 221 129 130 122 196 173 13 46 151 18 227 162

# Instance 953
14 5 8 356
238 106 10 129 213 4 42 181 197 175 7 95 204 102

# Instance 954
14 5 8 402
157 106 158 191 101 70 175 157 202 252 105 86 96 83

# Instance 955
14 5 8 324
105 248 14 146 4 31 164 49 36 190 246 124 134 88

# Instance 956
14 5 16 95506
295 43880 41579 59178 32312 44428 65391 28389 47641 18227 32630 7809 13213 36328

# Instance 957
14 5 16 103727
31784 60265 49971 54840 19519 12965 39896 51143 42352 26496 18318 53756 8979 44392

# Instance 958
14 5 16 98748
11947 38776 49492 58018 11382 15278 59210 40730 451 4838 38065 54418 48476 60043

# Instance 959
14 5 16 95614
51050 60835 30197 4033 16283 15337 65417 31744 54174 21268 37799 18746 7673 52722

# Instance 960
14 5 16 96564
4066 34540 25387 42598 44062 34330 22001 44621 25059 62234 52127 2495 43641 37815

# Instance 961
15 5 4 27
3 15 14 6 7 3 7 9 10 12 5 8 12 7 14

# Instance 962
15 5 4 26
11 6 15 11 3 9 6 6 3 2 14 6 14 10 10

# Instance 963
15 5 4 23
5 14 15 11 9 8 5 9 10 3 5 5 2 4 10

# Instance 964
15 5 4 26
15 4 1 15 15 11 15 1 11 4 2 4 12 11 2

# Instance 965
15 5 4 19
9 6 8 12 3 8 2 9 5 4 13 6 1 6 1

# Instance 966
15 5 8 336
183 141 199 253 31 39 76 22 113 96 61 224 76 97 55

# Instance 967
15 5 8 441
109 220 26 208 194 142 247 77 217 192 93 53 244 95 79

# Instance 968
15 5 8 316
210 78 23 195 46 255 56 190 126 90 48 13 109 99 31

# Instance 969
15 5 8 347
58 33 41 185 145 208 124 152 182 138 41 32 148 189 39

# Instance 970
15 5 8 374
101 175 105 64 106 49 153 168 172 247 121 116 135 96 51

# Instance 971
15 5 16 93622
29544 35371 48080 64548 1107 51101 43071 30774 17427 43533 16400 1868 9043 34151 32695

# Instance 972
15 5 16 79261
53126 9508 14964 4703 18167 23247 24399 51290 42205 14348 47194 16391 30239 18563 26135

# Instance 973
15 5 16 107558
34349 56595 56155 40456 36698 12630 32486 32505 55454 32771 53484 22062 32012 15309 12529

# Instance 974
15 5 16 106149
6843 9336 15243 62930 44697 21843 55573 54897 23222 4178 43169 59784 61873 322 51252

# Instance 975
15 5 16 71575
34374 14088 38782 40800 2719 37201 3181 58017 41107 28614 10266 4306 1486 26765 1520

# Instance 976
16 5 4 29
2 15 5 13 10 9 10 4 13 6 3 5 12 15 9 13

# Instance 977
16 5 4 22
8 14 2 10 4 5 10 8 2 11 1 3 2 1 15 13

# Instance 978
16 5 4 18
8 1 11 1 1 9 5 2 11 9 1 5 1 3 15 4

# Instance 979
16 5 4 25
1 9 13 8 15 2 3 15 7 3 9 7 3 3 9 15

# Instance 980
16 5 4 29
11 5 2 13 8 6 1 7 14 15 13 3 10 12 14 7

# Instance 981
16 5 8 387
69 222 46 157 212 71 1 30 22 27 233 184 98 238 203 74

# Instance 982
16 5 8 383
111 105 224 139 47 173 133 138 124 89 33 184 121 32 235 19

# Instance 983
16 5 8 374
25 4 28 36 140 254 127 203 156 226 162 20 184 122 1 125

# Instance 984
16 5 8 377
35 143 98 56 36 1 60 154 212 195 198 230 182 64 143 71

# Instance 985
16 5 8 324
54 12 223 29 84 21 8 113 30 173 15 245 236 237 50 85

# Instance 986
16 5 16 118982
47734 3211 57563 57723 61419 5287 12301 61683 18139 34313 41634 41118 45581 17224 26027 60823

# Instance 987
16 5 16 128843
58429 49969 45251 52064 56834 61789 57505 6489 6212 1360 52504 65073 34703 20629 18836 48889

# Instance 988
16 5 16 116879
62859 32266 30753 21425 49535 45590 57609 20534 12678 33486 38024 8401 48682 53803 36420 31188

# Instance 989
16 5 16 150188
21786 44682 61584 64200 30871 42496 44003 56086 41476 58701 23520 51291 62326 20198 63811 60616

# Instance 990
16 5 16 92864
18297 34304 14456 58909 41811 16946 15918 31210 4686 10807 38682 12916 50923 62256 31896 18037

# Instance 991
17 5 4 27
2 3 6 15 8 4 12 14 2 14 7 12 6 8 4 2 15

# Instance 992
17 5 4 32
12 13 10 14 9 8 12 14 8 10 14 2 2 15 7 7 1

# Instance 993
17 5 4 26
3 4 11 3 15 14 11 4 15 6 9 3 11 5 8 4 4

# Instance 994
17 5 4 25
1 3 3 1 11 8 12 7 9 5 13 1 3 13 11 10 13

# Instance 995
17 5 4 27
6 14 9 7 1 13 7 3 1 11 10 3 7 5 8 15 11

# Instance 996
17 5 8 521
148 50 158 239 116 181 234 49 249 124 101 237 246 70 204 75 117

# Instance 997
17 5 8 463
129 4 221 219 182 173 37 106 52 213 7 211 178 39 98 234 205

# Instance 998
17 5 8 444
94 85 45 203 247 192 133 160 182 131 138 173 99 53 80 61 137

# Instance 999
17 5 8 435
96 187 192 95 10 149 226 105 82 95 183 179 23 57 153 95 236

# Instance 1000
17 5 8 313
52 96 203 87 124 113 120 146 39 31 99 30 44 219 19 50 88

# Instance 1001
17 5 16 126102
37319 756 12188 44502 53069 18225 52161 9512 64722 36622 10935 46776 62982 60516 8185 45086 62900

# Instance 1002
17 5 16 140583
34096 45187 19715 58623 11650 47482 60724 14771 54227 46799 60211 54283 35185 35561 44417 49309 28769

# Instance 1003
17 5 16 80307
50146 57249 20181 13416 15773 3893 27417 42267 1978 27077 31304 922 10963 30441 22604 31754 12403

# Instance 1004
17 5 16 158516
47466 53903 36945 36400 46840 53450 63528 50862 54941 59149 58588 47174 55709 17070 16314 53423 36179

# Instance 1005
17 5 16 115554
16087 45109 62609 47927 26272 13627 32075 30969 1348 12262 55274 50911 20259 30392 60565 38902 31497

# Instance 1006
18 5 4 32
4 3 12 14 15 9 8 10 11 1 12 14 13 14 2 2 1 12

# Instance 1007
18 5 4 32
10 12 10 10 11 8 14 3 9 6 2 11 10 9 11 2 4 15

# Instance 1008
18 5 4 27
9 10 14 12 8 4 7 10 11 6 1 12 2 5 6 2 8 8

# Instance 1009
18 5 4 30
14 6 4 15 13 6 9 6 1 12 7 6 15 14 6 3 9 4

# Instance 1010
18 5 4 25
2 6 15 1 7 10 3 5 1 9 9 2 6 4 15 13 10 5

# Instance 1011
18 5 8 415
90 14 110 5 44 236 161 189 19 187 19 163 206 61 36 97 247 186

# Instance 1012
18 5 8 477
20 227 122 80 130 240 7 82 224 254 88 29 154 115 115 138 123 231

# Instance 1013
18 5 8 501
207 117 88 45 25 91 53 13 254 245 108 225 159 247 221 146 197 60

# Instance 1014
18 5 8 549
160 242 56 152 254 98 16 214 215 146 210 234 201 21 16 134 165 205

# Instance 1015
18 5 8 521
57 186 16 101 195 108 147 197 118 35 247 137 53 147 180 200 223 253

# Instance 1016
18 5 16 111768
4690 5159 56303 44133 33412 3664 41657 11959 54038 9018 42212 64921 40879 42719 34214 19626 27665 22265

# Instance 1017
18 5 16 104387
42456 31494 31290 14107 25069 8281 51457 35587 49683 18124 9419 10676 36982 9961 42969 33471 41779 27928

# Instance 1018
18 5 16 111829
33900 16550 12563 52338 18908 7288 55910 27552 780 41336 2854 56538 51946 15823 30118 62687 34912 34554

# Instance 1019
18 5 16 128723
54115 63760 36233 47802 17788 20604 26033 34555 14402 61628 55453 28156 26203 57935 30704 17132 46484 3900

# Instance 1020
18 5 16 105327
676 53283 8345 38669 49878 33546 1353 16337 41795 39245 26733 6482 65332 19849 29987 44834 46928 2414

# Instance 1021
19 5 4 40
6 6 12 10 10 14 9 8 8 13 13 13 14 10 6 14 15 6 9

# Instance 1022
19 5 4 36
8 6 9 12 2 12 8 9 13 10 5 5 13 15 12 3 6 14 15

# Instance 1023
19 5 4 34
5 7 8 12 13 7 13 15 11 11 13 10 1 4 11 13 8 1 7

# Instance 1024
19 5 4 32
10 10 13 8 12 15 10 6 2 2 12 9 6 11 8 7 4 5 9

# Instance 1025
19 5 4 37
8 7 4 12 8 9 9 11 9 7 4 15 9 15 5 12 12 13 12

# Instance 1026
19 5 8 490
136 30 65 113 248 140 93 98 162 230 73 123 246 157 134 90 231 22 59

# Instance 1027
19 5 8 370
86 236 120 33 8 109 136 96 28 31 254 43 55 12 2 122 190 175 114

# Instance 1028
19 5 8 507
113 196 48 190 155 151 102 42 234 112 122 87 112 153 113 171 66 168 197

# Instance 1029
19 5 8 484
232 162 162 61 17 82 158 242 136 146 157 155 24 152 2 75 167 196 87

# Instance 1030
19 5 8 645
163 223 111 252 109 120 248 246 196 136 149 92 185 253 146 199 46 221 125

# Instance 1031
19 5 16 121603
45671 14759 50609 13096 61755 8748 21556 19479 55160 39376 33374 5673 19160 26936 35817 56772 17142 64859 17126

# Instance 1032
19 5 16 122168
48761 29959 56243 42691 31661 2991 37999 30716 20281 12391 37743 1413 34459 6207 59652 42822 27979 39436 46644

# Instance 1033
19 5 16 91247
60222 51617 3483 11753 21818 7747 11970 7222 9468 22759 38833 39069 17092 28740 9819 25462 27384 43315 18005

# Instance 1034
19 5 16 142597
45552 18440 16110 26771 62281 16778 47060 19300 1713 51617 47775 63004 47718 50369 28814 34152 62516 44729 27976

# Instance 1035
19 5 16 134554
36530 55692 9772 61218 63111 4288 25950 57864 1299 41897 45127 52482 18371 62265 42798 3836 11317 32033 45789

# Instance 1036
20 5 4 35
10 14 1 13 3 2 13 4 7 10 12 4 11 12 13 10 4 12 3 13

# Instance 1037
20 5 4 35
8 5 5 10 1 11 5 7 14 5 15 9 11 15 8 13 5 3 10 13

# Instance 1038
20 5 4 33
2 8 11 5 15 1 11 8 7 7 13 3 6 14 15 3 14 13 3 2

# Instance 1039
20 5 4 33
6 10 14 13 11 1 15 6 8 12 3 9 13 4 4 4 1 8 8 14

# Instance 1040
20 5 4 32
5 5 14 12 9 13 1 14 8 8 8 3 11 10 6 6 2 8 8 8

# Instance 1041
20 5 8 479
50 46 194 102 196 14 234 16 247 184 221 123 97 71 9 81 8 213 47 239

# Instance 1042
20 5 8 478
125 101 153 108 71 8 76 156 102 215 143 146 170 242 82 206 101 103 19 62

# Instance 1043
20 5 8 386
192 232 79 72 194 139 16 18 149 11 215 170 83 50 34 38 50 121 47 16

# Instance 1044
20 5 8 517
64 18 123 246 225 161 232 44 61 95 16 99 57 174 105 199 114 163 246 140

# Instance 1045
20 5 8 652
214 242 88 62 52 225 223 201 238 238 129 85 84 182 131 217 148 214 156 127

# Instance 1046
20 5 16 132432
32371 40033 47740 57453 36807 57162 7142 11205 41402 20409 29592 33696 63129 21105 31807 8580 38857 9347 13748 60067

# Instance 1047
20 5 16 136752
35526 52600 36162 52993 60106 65466 5232 23827 19876 4517 13253 2157 54596 60674 36900 59397 705 49253 5079 44490

# Instance 1048
20 5 16 126564
56880 15625 5627 26540 33639 10517 23008 56303 29684 6632 7435 59822 30092 45324 9575 57275 36226 63750 47871 10485

# Instance 1049
20 5 16 138338
2341 40549 13437 51727 6127 61999 52297 32708 62337 13079 14299 26516 56685 27623 1638 55137 62459 7762 58471 44016

# Instance 1050
20 5 16 144454
44172 26057 60140 50314 50907 20927 41928 8307 1376 16218 61079 46558 63820 21908 28527 21530 60789 62784 23806 10660

